Argument 1: uploaded_images/
Argument 2: alexnet
Argument 3: dognames.txt 

Command Line Arguments:
     dir = uploaded_images/ 
    arch = alexnet 
 dogfile = dognames.txt
parrot
golden retriever
taxi
dog
dog

Pet Image Label Dictionary has 5 key-value pairs.
Below are 5 of them:
 1 key:                 parrot_01.jpeg  label:                     parrot
 2 key:        golden_retriever_01.jpg  label:           golden retriever
 3 key:                   taxi_01.jpeg  label:                       taxi
 4 key:                    dog_02.jpeg  label:                        dog
 5 key:                    dog_01.jpeg  label:                        dog
tensor([[ -1.2397,   6.5903,  -2.9345,  -6.3343,  -4.7084,  -3.1305,
          -4.9478,   9.2390,   7.3447,   3.7640,   8.7970,  10.9786,
          11.2895,   0.8226,  14.3758,   4.5673,   4.9225,   8.7610,
           4.3660,   4.2529,   2.1859,   0.0064,  -4.5136,   1.5083,
          -0.0769,  -1.9058,   4.6671,   4.5232,  -3.4590,   0.8365,
           1.0460,   7.1472,   5.0914,  -5.8055,  -2.2635,   0.3919,
           3.0460,  -1.3544,   0.3362,   1.9440,   8.0637,   4.7329,
          11.2462,  -1.1502,   3.1835,  -4.9447,   6.4076,   5.8958,
          -0.7984,   0.2404,  -1.0471,  -3.6753,   1.7446,   4.0432,
           1.7603,   3.8886,   2.2524,   1.8482,   0.3036,   5.8636,
           3.6166,  -1.5405,   0.8953,   3.6172,  -1.2733,  -0.8124,
           0.0737,  -3.5956,  -2.2868,  -5.3712,   4.4818,   0.6422,
           4.3132,   4.8949,   4.6506,  -1.0669,   1.3135,   2.7054,
           6.4081,   6.5837,   0.6648,  -2.6475,   3.7287,  -1.6713,
           6.2936,   3.8072,   6.3820,   2.7874,  20.6145,   4.1820,
          16.7460,   2.1223,  18.8681,   5.5663,  16.3618,  12.9190,
           6.4896,   5.8098,  -4.1284,  -2.3179,   1.6588,  -4.0379,
          -4.0257,  -3.0446,  -1.9387,  -4.6272,  -3.0020,   0.1595,
          -2.6419,   0.9893,   2.8162,   1.8286,  -0.8719,   6.8930,
           4.2855,   6.1773,  -2.4294,  -2.0580,   1.9582,   2.1298,
           4.2336,   2.0104,   0.2539,   0.8118,   5.8862,   2.7736,
           2.1041,   4.0865,   4.7013,   8.2669,   6.2019,   4.5103,
           1.7249,   1.3490,   5.8395,   1.6083,  13.5791,  -0.8967,
          -3.6590,  -4.4090,  -0.9574,   0.9989,  -3.8494,  -3.5780,
          -1.4901,  -4.0197,  -8.6047,  -6.9826,  -4.1583,  -5.3835,
          -1.1860,   2.4865,  -2.2397,  -2.1534,  -2.9429,   1.3613,
           1.9815,   0.5067,   1.4586,   1.1014,  -2.7139,  -5.2189,
          -1.8962,   1.9020,  -2.0697,  -3.3822,  -1.2452,  -1.9745,
          -0.6248,   1.3116,  -0.7470,   2.2968,  -0.7139,   1.8160,
          -2.6895,  -0.1706,   1.8867,  -1.1317,   0.9901,  -0.2180,
          -0.0386,  -0.8686,   1.4431,  -4.1296,  -0.7778,   0.5879,
           2.1545,   2.1170,  -0.1472,   1.8673,  -3.3823,  -0.8974,
          -0.8514,   0.9288,  -1.2771,  -0.0759,  -1.0573,  -3.6457,
          -2.1569,  -4.1082,   0.1133,  -0.4316,  -2.6421,  -0.7881,
          -0.2585,   1.3492,  -1.2027,   4.2484,   0.2262,  -2.5345,
          -4.2667,   2.2046,  -1.7600,   4.0536,  -0.3618,   0.0430,
          -1.8469,  -2.0894,  -2.1347,  -0.2361,  -1.0750,  -5.1008,
          -1.8171,  -2.2895,  -3.0164,   3.2950,  -0.9412,  -1.5400,
          -0.2389,  -3.8788,  -3.2007,   0.0604,   0.7427,  -1.3871,
          -1.4637,   1.2894,   0.1785,   2.5507,  -2.4663,  -2.4043,
           0.4342,  -0.4552,  -3.3860,  -1.0344,   2.2219,  -4.0838,
          -2.8059,  -1.6716,   0.7659,   0.4249,  -1.8683,  -0.9217,
          -2.4001,   3.4565,   1.9049,   2.5544,  -1.0081,   0.8045,
          -0.8351,   1.3262,   0.2726,   1.1067,   1.8107,  -0.4176,
           0.6035,  -1.5182,  -2.8383,   2.5508,   0.5392,  -4.0241,
          -3.6205,  -2.2189,  -1.6631,   0.3032,   1.3023,  -3.7488,
          -4.6186,   1.5881,   0.2365,  -7.2327,  -1.8377,  -1.3915,
          -5.0010,  -4.3172,  -2.6917,  -4.9932,  -2.0695,  -3.8226,
          -4.1810,  -2.0735,  -2.5496,   1.1784,  -2.9509,  -2.3850,
          -5.7154,  -5.2226,  -3.3780,  -3.8797,  -1.7444,   0.7811,
           6.3978,   9.8183,   7.1436,   8.1299,  12.2942,   0.7387,
           0.7145,   7.2714,   9.6979,  10.8974,   8.5598,   9.0940,
           7.5232,   7.1339,   2.5538,   6.9001,   6.1982,  11.7717,
           7.8413,  12.1919,  10.4116,   3.3986,   0.3572,   7.2694,
           5.6066,  11.4890,   6.2991,   0.7748,  -2.3060,  -1.9808,
          -0.7707,   0.6536,  -7.9218,  -3.7508,  -3.9743,   2.4409,
          -0.7823,  -1.2238,  -2.8561,   1.4199,  -3.5960,  -1.4021,
          -3.3402,  -5.7074,  -3.8444,  -3.0224,   0.9973,  -6.5154,
          -3.5898,  -4.3476,  -6.2056,  -6.9839,   0.8937,  -2.9242,
           2.1525,   2.4965,   1.3060,  -2.0351,   0.3949,   1.4628,
          -2.7367,  -3.7322,  -6.9789,   0.3362,  -0.5395,  -1.2495,
          -2.1859,   1.7123,  -1.8504,  -0.7872,  -0.6032,   0.6655,
          -2.0198,   2.0453,   0.5606,  -2.7575,  -1.6953,   1.9157,
          -2.2531,  -1.9596,   2.0898,   0.5826,   3.6074,  -1.3408,
          -1.1466,  -1.1122,  -4.9274,  -3.4596,  -2.3256,   0.7170,
           4.0049,  -1.7558,   0.4255,  -1.1829,  -2.6571,  -0.0954,
          -2.0288,  -1.1811,   4.7566,  -2.9083,   0.8598,   0.1219,
           0.2052,  -7.8035,  -4.2571,  -3.1299,  -5.0448,   1.7771,
          -1.5378,  -3.0288,  -1.8970,  -1.1032,  -0.7376,  -1.2146,
           0.3971,  -1.0679,   5.6218,   2.4782,   2.6748,   0.6259,
          -0.0578,   2.2355,   1.1084,  -3.1815,  -5.6760,  -3.6193,
          -5.6613,   0.7970,   5.4483,   4.8043,  -1.2982,  -4.1782,
           0.2042,  -0.2741,  -0.5824,  -3.2574,  -4.8981,  -3.2287,
           2.5814,   1.4493,  -0.2428,  -3.8284,  -4.7107,   2.2636,
           0.1081,   1.4020,  -2.3931,   1.8325,   3.7117,  -1.3967,
          -2.0299,   2.5114,   4.7515,  -4.0709,  -7.4267,   3.2314,
           8.1054,   0.4436,  -1.7483,   2.3592,  -2.0567,   0.0312,
           2.5738,   4.1329,  -1.1744,  -3.4502,  -7.6194,  -1.9302,
          -1.1062,  -2.2010,  -0.7449,  -1.9386,   3.3161,  -1.7303,
           1.3780,   2.8468,   0.3168,  -2.6996,   1.9761,  -1.6253,
          -4.8258,  -2.2286,  -2.9288,  -4.3606,   1.9849,  -5.9252,
          -0.0824,   0.2084,   7.7469,  10.8189,  -1.9907,   2.3456,
          -3.6311,  -5.7367,   4.9150,  -7.2799,   2.5036,  -1.5792,
          -5.8063,  -1.6854,  -2.6630,   1.6680,   2.4403,   1.1318,
           1.2911,  -0.1816,   4.1586,  -0.8629,  -1.4145,   1.3631,
          -4.9758,  -5.9615,  -3.3576,   0.0229,   2.4273,   2.4707,
          -3.8265,   0.9514,   6.8802,  -2.1895,  -1.2884,  -0.0928,
           6.7043,   2.4278,  -0.6945,  -4.3073,  -4.1671,  -3.7965,
          -1.6451,   0.0359,  -1.6935,  -0.2734,  -2.2342,  -1.5469,
          -0.1593,   1.7437,  -2.8943,  -4.1416,  -6.5356,  -2.9224,
          -4.0422,   0.4717,  -0.7880,   0.3652,  -2.9337,  -4.3232,
          -1.2380,  -4.4493,  -5.6254,  -3.3767,  -7.9379,  -3.0369,
           4.8911,  -2.5019,  -4.5185,  -3.5590,  -1.0499,   3.8772,
           1.4447,   0.4853,  -0.0898,  -3.6629,   1.1323,   1.8023,
          -4.6182,  -6.4346,   0.0270,  -3.8694,  -0.7814,  -2.8200,
           1.1952,   0.5065,   3.8166,  -0.9682,   1.9282,  -2.0498,
          -0.2450,  -0.2814,   1.7921,  -2.6690,   5.7386,  -3.4314,
           1.7765,  -1.5739,   2.2780,   0.0476,  -4.0021,  -0.0923,
           1.3675,  -2.9833,  -1.7749,   4.1742,  -4.9263,  -1.2683,
          -0.8800,  -2.4870,   2.3220,  -5.7637,  -3.3669,  -4.1689,
           4.1233,  -1.3298,   5.7454,  -4.3235,   3.5714,  -2.3566,
          -0.9718,  -4.9461,  -1.2184,  -4.2829,  -1.7372,  -0.0982,
          -3.6715,  -0.0955,   2.4282,  -0.3480,  10.9165,  -4.1341,
           0.8513,   2.9064,  -4.6466,   3.9756,   1.8253,  -1.0038,
          -1.8760,  -3.3925,   2.0883,  -6.4035,  -6.0865,   0.9202,
          -4.8926,  -1.1827,  -2.9074,   4.4609,  -3.8626,  -4.0406,
           2.0109,   0.3558,   0.6045,   2.4585,  -6.2650,   4.4603,
           1.1399,   1.5588,   4.7493,   5.5721,  -2.1690,   1.5719,
          -3.1718,  -8.3267,  -1.8135,  -1.5609,   0.0163,   1.3031,
          -1.2216,  -0.8617,  -3.0398,  -1.6265,   3.3945,  -0.4652,
          -3.8355,  -3.5920,  -7.8801,  -7.6444,   1.8459,  -0.1040,
          -2.7584,   2.2719,  -5.5754,  -4.7616,  -0.3518,   2.9408,
          -0.2493,  -1.8480,  -0.9557,  -2.8019,   1.9293,   3.3001,
          -3.4521,   3.4730,   0.3756,   0.5408,   1.3697,  -1.6283,
          -2.6751,  -5.3949,  -3.6273,  -4.1970,   0.3055,   1.1180,
          -2.7863,  -2.3410,   0.9486,   3.0558,  -5.6972,   4.1018,
           7.4930,  -2.6138,  -3.1920,   3.0474,   1.5695,   7.8757,
           5.7813,   1.6265,   4.0744,  -2.1738,  -4.6364,  -1.6576,
           0.0293,  -0.3413,   1.3893,   0.5348,   1.7334,  -2.1151,
          -3.0061,  -1.2742,   4.7858,  -4.7562,  -3.4386,   1.8940,
          -2.3608,   1.0688,   2.0163,   7.7287,  -3.6207,   2.0940,
          -3.2337,  -1.8999,   1.7793,  -2.4128,  -1.0612,   3.9043,
          -2.3541,   4.7406,  -4.7163,   2.1340,  -3.6192,   3.4414,
           5.1487,  -4.6220,  -1.7752,  -1.4675,   0.4330,  -0.5190,
          -1.8206,  -5.7447,  -5.4346,   4.3300,   3.1138,   9.4692,
           0.3830,  -0.5780,   2.3898,  -5.5027,  -1.2233,  -3.2562,
          -0.6975,  -4.5401,   3.9351,  -1.2833,  -4.7880,   0.4190,
          -0.9051,  -0.1574,  -2.7069,  -0.8392,  -4.1083,   3.7985,
           0.8030,   1.8084,  -0.7590,  -2.0792,   0.3569,   0.3504,
           0.9843,   4.7345,  -0.9209,  -2.4207,   0.5161,  -2.4363,
          -5.6915,  -0.8363,   1.1515,  -0.6428,   4.4991,  -4.5054,
          -3.2340,   0.1026,  -2.5995,  -2.7154,   2.6709,   0.9056,
           1.9474,  -0.8469,  -0.3310,   3.2469,   1.2902,  -0.1133,
          -6.0357,  -2.9697,  -1.4259,  -1.1412,  -2.0248,  -7.4289,
          -0.1395,   7.0972,   1.9001,  -2.6790,   3.9593,  -0.4598,
          -4.1112,  -7.4860,  -6.3877,  -0.8998,  -1.0855,   5.3958,
           3.8576,  -1.1498,   1.3207,  -0.1059,  -7.0119,  -0.8486,
          -1.3408,  -1.1342,   7.0135,  -1.6386,  -0.0386,  -3.0976,
          -1.4384,  -3.1079,   2.6310,  -4.4459,  -3.4469,  -4.9390,
          -3.7994,   0.6731,   2.4311,   3.9002,  -0.5126,  -0.6669,
           2.0142,  -0.6872,   1.4628,   8.8662,   1.1840,   1.3167,
           3.2354,  -4.5082,  -2.2604,   2.4844,   2.8246,   0.8724,
           4.0757,  -0.9928,  -3.7530,   1.8067,  -2.1920,  -5.1372,
          -5.8529,   1.4885,  -4.5541,  -1.8294,   4.9168,  -0.8505,
          -1.1237,   1.0865,  -2.3935,  -1.8876,  -0.1144,  -0.9194,
           2.7826,  -1.5968,  -0.9602,  -6.1011,  -5.3254,   0.8976,
          -1.0995,  -5.5057,  -3.4994,   7.4686,   4.2204,  -6.0549,
           0.8066,   5.9327,  -7.8266,  -1.8489,  -1.1690,  -3.6015,
          -5.6853,   1.5064,   0.2354,  -7.3303,  -1.7116,   0.0475,
          -5.2531,  -1.6878,  -3.0014,  -1.3297,   3.5830,   2.8422,
          -2.2691,  -4.4423,   4.6968,   2.3288,   2.3334,  -2.0888,
          -1.0794,   3.4911,   0.0472,  -1.2221,   0.3515,   3.0951,
           7.3477,  -3.5773,  -3.0358,  -3.2443,  -0.7701,   2.7067,
          -2.6226,  -2.4021,  -4.8990,  -1.9554,  -3.6578,   0.2712,
          -0.2202,  -2.5255,  -6.4111,   0.6691,   1.8809,   4.5094,
          -1.6812,  -2.0778,  -0.6651,  -6.8084,  -3.3638,  -3.6049,
          -1.0817,   1.3327,  -0.4254,   3.8751,   0.5575,  -2.8341,
          -5.6689,   4.3399,   7.1129,   2.5365,   8.8331,   6.7690,
           4.2128,   7.7385,   1.1605,   2.3743,   6.6209,   3.7609,
          -0.8895,  -1.3580,   0.9013,   6.1384,   1.7487,  -2.6182,
          -2.1218,  -0.5128,  -4.5671,  -1.9366,  -5.4343,  -3.7672,
           4.0575,  -3.9638,   3.3987,   1.2856,   2.3333,   8.7330,
          -2.4295,   1.5906,  -5.1039,  -0.7189,  -1.9028,  -3.5639,
          -1.1616,  -2.8752,  -1.4037,   3.1920,  -2.6764,  -1.3268,
           1.8970,   5.2802,   7.7433,   1.5279,   4.5364,  11.0748,
           2.8389,   2.7055,   5.1151,  -3.9784,   8.2230,   4.8826,
          -0.7112,  -0.7488,   4.9932,  -1.7208]])
tensor([[-5.6868e+00, -1.9918e+00, -3.3802e+00, -7.2393e+00, -5.4191e+00,
         -3.5731e-02, -5.0891e+00, -6.2401e+00, -5.7049e-01, -5.3599e+00,
         -5.3540e+00, -8.7147e+00, -7.4391e+00, -7.4954e+00, -5.7889e+00,
         -8.1536e+00, -5.5053e+00, -4.9122e+00, -5.4935e+00, -7.7530e+00,
         -8.6938e+00, -4.4580e+00, -3.9870e+00, -4.7333e+00, -3.0222e+00,
         -2.7570e+00, -6.0474e+00, -2.8429e+00, -5.0839e+00, -1.9636e+00,
         -4.4700e+00, -3.1974e+00, -2.3687e+00, -1.1992e+00, -7.5426e-01,
         -4.1073e+00, -3.5024e+00, -5.7167e+00,  9.9065e-02, -2.0365e+00,
         -6.2345e+00, -5.6444e+00, -5.6489e+00, -3.5284e+00, -4.3022e+00,
         -1.0002e+00, -7.6028e+00, -4.5285e+00, -3.6725e+00, -5.9275e+00,
         -7.1373e+00,  1.3954e-01, -2.7871e+00, -3.6758e+00, -6.0965e+00,
         -8.5783e+00, -5.1069e+00, -7.6621e+00, -7.0698e+00, -2.9899e+00,
         -2.5279e+00, -2.9119e+00, -4.3564e+00,  4.0508e-01, -5.2449e+00,
         -4.4404e+00, -2.4606e+00, -3.0706e+00, -3.1897e+00, -4.1375e+00,
         -3.6834e+00, -2.1322e+00, -6.1115e+00, -1.5268e+00, -6.9947e+00,
         -3.0427e+00, -1.7803e+00,  2.5641e-02, -2.9124e-02, -3.6148e+00,
         -2.4885e+00, -4.9174e+00, -1.4006e+00, -1.6798e+00, -5.1689e+00,
         -3.1052e+00, -1.9879e+00, -1.5475e-01, -2.7102e+00, -3.8255e+00,
         -7.8353e+00, -7.4830e+00, -7.3302e+00, -6.9032e+00, -4.7283e+00,
         -6.3838e+00, -7.8081e+00, -4.6707e+00, -2.7268e+00,  2.9487e+00,
         -5.4724e+00,  4.0023e+00,  3.3521e-01,  2.3482e+00, -2.7247e+00,
          1.6363e+00,  5.5935e-01, -4.6850e+00, -2.6613e+00, -3.2357e+00,
         -2.7565e+00, -1.7832e-01, -3.4454e+00, -4.6078e+00, -5.1154e+00,
          1.4646e+00, -1.2349e+00, -1.3764e+00, -4.8757e+00, -3.0842e+00,
         -1.8658e+00, -1.4560e+00, -4.2205e+00, -1.9263e+00, -2.9755e+00,
         -3.6075e+00, -5.9122e-01, -3.9985e+00, -5.9150e+00, -7.0145e+00,
         -3.9006e+00, -6.2307e+00, -6.4933e+00, -8.4929e+00, -4.2214e+00,
         -4.0474e+00, -5.7227e+00, -4.6647e+00, -7.0384e+00, -5.3396e+00,
         -4.0494e+00, -5.6125e+00, -3.4494e+00, -5.1926e+00, -1.9848e+00,
         -3.0585e+00, -1.1391e+00, -6.2479e+00, -3.9108e+00,  1.5783e-01,
          1.5628e+00,  9.1136e+00,  1.0632e+01,  8.3024e+00,  9.8645e+00,
          7.6271e+00,  7.1730e+00,  6.0813e+00,  8.7984e+00,  1.2297e+01,
          1.1396e+01,  4.4596e+00,  5.9250e+00,  1.3297e+01,  3.2127e+00,
          6.7579e+00,  6.5281e+00,  6.1483e+00,  1.3576e+01,  8.1049e+00,
          1.1464e+01,  3.3058e+00,  3.1967e+00,  5.2370e+00,  6.5190e+00,
          1.2803e+01,  8.2473e+00,  7.4318e+00,  3.8921e+00,  9.6341e+00,
          9.4152e+00,  1.2576e+01,  1.2982e+01,  1.1576e+01,  1.3714e+01,
          1.4215e+01,  1.3052e+01,  6.6298e+00,  1.1704e+01,  1.3366e+01,
          1.0338e+01,  9.7200e+00,  1.0823e+01,  9.8728e+00,  1.2727e+01,
          6.6863e-01,  7.2276e+00,  8.8578e+00,  6.3274e+00,  4.1560e+00,
          1.3300e+01,  6.7764e+00,  1.2510e+01,  6.6189e+00,  8.0727e+00,
          9.9857e+00,  1.0102e+01,  1.9572e+01,  1.5773e+01,  1.0918e+01,
          3.5449e+00,  1.1209e+01,  7.7216e+00,  1.1978e+01,  1.0522e+01,
          7.8151e+00,  1.2324e+01, -1.0681e+00,  5.3171e+00,  1.4275e+01,
          1.4496e+01,  7.8412e+00,  1.2734e+01,  8.7450e+00,  8.0415e+00,
          6.5104e+00,  6.7112e+00,  8.4344e+00,  1.0814e+01,  8.7973e+00,
          5.5059e+00,  7.8633e+00,  8.2517e+00,  8.4780e+00,  4.8570e+00,
          6.6114e+00,  2.7506e+00,  5.6820e+00,  7.8608e+00,  5.7386e+00,
          8.8216e+00,  4.6975e+00,  5.9430e+00,  9.7362e+00,  1.6867e+01,
          6.5714e+00,  6.2810e+00,  4.5496e+00,  5.7354e+00,  6.0206e+00,
          4.5936e+00,  4.6685e+00,  9.0422e+00,  8.6375e+00,  4.7849e+00,
          1.0582e+01,  9.8643e+00,  1.1227e+01,  8.9542e+00,  1.1530e+01,
          1.9485e+01,  9.1747e+00,  1.0311e+01,  7.7512e+00,  7.3130e+00,
          1.6029e+01,  1.5867e+01,  1.9047e+01,  2.4881e+00,  2.7642e+00,
          7.5797e+00,  4.7297e+00,  4.4266e+00,  9.0804e+00,  5.6429e+00,
          2.1422e+00,  5.2022e+00,  4.7721e+00,  3.7910e+00,  8.6396e+00,
          4.5775e+00,  2.3689e+00,  5.9745e+00,  2.0045e+00,  1.3554e+00,
          3.7919e+00,  6.7863e+00,  1.8679e+00, -7.7107e-01, -4.5770e+00,
          2.9796e-01,  1.0435e+01,  2.7388e+00,  3.5865e+00,  7.2541e+00,
          6.6532e-01,  1.0266e+01,  1.6441e+00,  5.8701e+00,  3.6544e+00,
         -4.1957e+00, -8.3446e-01, -5.2626e+00, -2.5724e+00, -4.6487e+00,
         -4.1383e+00, -2.4657e+00, -3.5003e+00, -3.3822e+00, -3.1510e+00,
         -1.5761e+00, -5.2407e+00, -2.7393e+00, -7.1187e+00, -4.6200e+00,
         -6.4325e+00, -6.0378e+00, -3.5847e+00, -5.8244e+00, -5.6437e+00,
         -7.9418e+00, -4.4269e+00, -3.0481e+00, -4.8241e+00, -3.7326e+00,
         -4.0535e+00, -5.8485e+00,  1.1951e+00, -2.6314e+00, -1.7349e+00,
         -8.2690e-01,  1.8045e+00,  2.9247e+00,  1.8372e+00,  1.3727e+00,
          2.4574e+00,  1.1385e+00,  4.1727e+00,  5.3510e+00, -9.6140e-02,
         -1.1328e-01,  6.1871e+00,  2.7435e+00,  9.8009e-01, -1.2583e+00,
          2.4913e+00,  1.5079e+00,  3.4787e+00,  2.8804e+00,  1.5503e+00,
         -1.0069e+00, -2.4982e+00, -1.4268e+00,  3.9393e-01,  2.5336e+00,
          3.9084e+00,  7.0685e+00,  5.2262e+00,  1.9987e+00,  1.6752e+00,
          1.2925e+00,  3.3077e+00,  3.6265e+00,  1.7725e+00, -1.5648e+00,
          2.8849e+00, -4.3525e-01, -2.0805e+00,  4.4640e+00,  9.4513e-01,
          2.0570e+00,  5.0263e+00,  3.8740e+00,  1.5381e-02, -6.3128e-01,
         -4.1604e+00,  8.6225e-01,  5.8813e+00,  4.8745e+00,  4.9580e+00,
          5.7868e+00,  1.2077e+00,  2.6959e+00,  2.3599e-01,  4.7604e+00,
          1.7475e+00,  6.2362e+00,  1.0724e+00, -5.3200e-01, -1.2648e+00,
         -3.5146e+00, -1.4135e+00, -3.3421e-01, -5.3982e+00, -3.0342e+00,
         -3.9660e+00, -6.6691e+00, -3.5585e+00, -1.4443e+00, -1.0267e+00,
         -1.0496e+00, -1.8172e+00, -4.1740e+00, -3.7034e+00, -4.0734e+00,
         -8.7576e-01, -1.2526e+00, -3.3936e+00, -1.6154e+00,  1.0539e+00,
         -2.2183e+00, -3.9543e-01,  3.3489e+00, -1.5393e+00, -3.2987e-01,
         -2.7927e+00, -9.2211e-01, -9.7145e-01, -3.8919e-01,  4.0053e-01,
         -1.6102e+00, -2.7776e+00, -1.6246e+00, -1.0155e+00, -5.2114e+00,
         -3.2595e+00, -1.4547e+00,  1.4692e+00,  5.3147e+00,  2.9370e+00,
         -6.1683e-01,  8.3231e-01, -3.0511e-01,  6.4271e-01,  5.7753e+00,
          3.6383e+00, -5.6869e-01, -5.5452e+00, -2.9292e+00, -1.2245e+00,
         -2.2420e+00, -3.9407e+00, -3.8382e-01,  3.3146e+00, -1.4718e+00,
          9.9194e-01, -1.5428e+00, -1.5864e+00, -3.1683e+00, -4.3264e+00,
         -4.0761e+00,  2.3404e-02,  2.4859e+00, -1.8451e-01, -3.3874e+00,
         -4.0074e+00, -3.8086e-01,  1.8200e+00, -3.5273e+00, -7.4738e-01,
         -4.9857e+00, -2.1807e+00,  3.3431e+00,  8.1376e+00,  4.0064e-02,
          2.8996e-01, -1.5967e+00, -4.5910e+00, -8.0811e-01, -1.9714e+00,
          7.3237e-01, -2.7456e+00,  1.0573e+00,  1.8997e+00, -1.2822e+00,
         -2.0237e+00, -3.1933e+00, -8.1618e-01,  1.3842e+00, -5.5820e-01,
         -1.1210e+00, -2.9694e+00, -3.0656e+00, -1.4088e+00, -3.4295e+00,
         -5.4027e+00, -1.6333e+00,  1.8698e+00, -2.1848e+00, -1.0128e+00,
         -1.7279e-01,  2.1241e+00, -2.1232e+00,  5.3283e-01, -4.7170e-04,
          1.3992e+00,  1.1502e+00, -3.5967e+00, -2.8731e+00, -2.4279e+00,
         -3.5950e+00, -1.0728e+00, -3.6773e-01, -2.6672e+00, -2.7754e+00,
         -4.9277e+00, -3.3425e+00,  7.8832e-01, -6.7014e-01, -4.8460e-01,
         -5.6548e+00, -2.5772e+00, -3.1753e+00, -3.6169e+00,  5.8552e-01,
         -9.3336e-01,  1.4374e+00, -1.1255e+00, -1.4034e+00,  4.3577e+00,
          4.2773e+00, -4.1695e+00, -8.2171e-01, -1.2519e+00, -1.7902e-01,
         -6.4415e+00, -7.8959e-01, -7.5297e-01, -5.1048e+00,  3.1388e+00,
          2.7087e-02, -1.2831e+00,  7.8175e-01, -2.5487e+00,  3.4871e+00,
         -4.1341e+00, -4.6247e+00,  7.2202e+00, -2.9313e+00,  1.0144e+01,
         -9.2394e-01,  1.5106e+00, -1.2781e-01,  5.7664e+00, -2.7279e+00,
         -3.7135e+00, -1.8047e+00, -6.4769e+00, -1.5681e+00,  6.2133e-01,
         -2.7147e+00, -2.7488e+00,  3.8505e+00,  2.6135e+00, -5.3694e+00,
         -5.6393e+00, -4.1845e+00, -4.8861e+00, -1.7091e+00,  3.4400e+00,
         -1.2368e+00, -1.5412e+00, -2.5072e+00, -4.6846e+00, -8.0061e-01,
         -3.7133e+00, -1.7101e+00, -1.0228e+00,  1.5688e+00, -1.9754e+00,
         -3.0247e-01, -7.2286e-01, -1.8145e+00, -5.6410e+00,  1.4730e+00,
         -5.1181e+00, -3.2172e+00,  9.9151e-02,  4.6324e-02, -1.1525e+00,
         -5.4201e-01, -3.4422e+00, -2.9367e+00,  9.1406e-01,  7.3782e-01,
          7.9152e-01, -9.3436e-01,  1.4820e+00,  2.7422e+00,  2.1110e+00,
         -2.1764e+00,  1.9277e+00, -2.9424e+00, -2.5884e+00, -7.0735e-01,
         -1.4171e+00,  1.7162e+00, -2.9662e+00, -1.2308e+00, -2.2233e+00,
         -1.1724e+00, -3.2207e+00, -1.0908e-01, -2.5220e+00, -1.4649e+00,
         -1.1042e+00,  8.9459e-01,  3.2375e+00,  2.1765e-01,  5.3042e-01,
          4.5014e+00,  6.5196e-01, -4.2728e+00,  1.1784e-01, -3.0765e+00,
         -9.6740e-01, -4.2141e+00, -2.3187e+00, -2.4955e+00, -1.8669e+00,
          8.8118e-01,  9.2937e-01, -6.3671e-01,  1.6612e+00,  7.1023e-02,
         -9.2981e-01, -4.9238e-01, -3.8552e+00, -2.6650e+00, -1.7166e+00,
         -4.3738e-01,  8.8963e-01, -2.8476e+00, -3.0350e+00, -2.8184e+00,
          5.1099e-01,  1.0587e+00, -1.9751e+00,  4.2497e-01,  2.5552e+00,
         -2.3503e+00,  5.0907e+00, -8.7962e-02, -2.6848e-01, -3.6359e-01,
         -3.1536e+00,  9.6111e-01, -2.1063e-01, -2.5365e-01, -4.7663e+00,
         -1.6918e-01,  4.6516e-01, -2.8159e+00, -2.8814e+00, -3.3501e+00,
         -2.3980e+00,  3.6590e-01, -1.6890e+00,  4.2463e-01, -4.5470e+00,
         -3.0228e+00, -3.3483e+00, -3.0648e+00, -1.8417e+00,  1.8330e+00,
         -3.0417e+00, -1.1992e+00, -1.6606e-01, -1.3107e+00, -5.0668e+00,
         -1.0054e+00, -4.0990e+00,  9.1639e+00,  2.8027e-01,  2.1124e+00,
         -1.3410e+00,  9.4789e+00, -9.4259e-01,  2.5559e+00, -4.4227e+00,
          2.8702e+00,  1.1963e+00, -5.0122e+00, -3.5310e+00,  9.8160e-01,
         -2.5049e+00,  4.5903e+00, -6.5619e-01, -4.1599e+00, -6.3111e-01,
          8.7953e-01, -1.1675e+00,  4.3248e-01,  2.2874e+00, -4.3598e+00,
         -1.7749e+00,  2.2084e+00,  2.2406e+00, -2.9706e-01,  2.0846e+00,
          7.5426e+00,  1.4402e+00,  2.4357e+00,  1.9716e+00, -1.6018e+00,
         -4.7901e+00,  1.7753e-01, -9.8286e-01, -8.6221e-01, -3.0707e+00,
          4.2138e-02, -2.5567e+00, -2.3185e+00,  1.2663e+00, -1.5575e+00,
         -2.9009e+00,  1.7045e+00, -8.9711e-01, -3.1481e+00,  5.4617e-01,
         -2.8322e+00,  1.8007e+00,  3.6434e+00, -1.8469e+00, -3.7900e+00,
         -1.8907e-01, -1.8122e+00, -6.2229e+00,  7.3145e-01,  1.5633e-01,
          4.1981e-01,  2.1201e+00, -5.2677e+00, -2.2565e+00, -4.5127e+00,
          4.5187e+00,  9.9748e-01, -2.5856e+00, -4.2101e-01,  3.3784e-01,
         -9.6164e-01,  7.9356e-01, -1.7268e+00,  1.4758e+00, -2.5650e+00,
         -1.9549e+00, -1.9500e-01, -1.1798e+00, -1.2428e+00, -3.2514e+00,
          3.8321e+00, -1.8023e+00, -1.8266e+00, -1.3250e+00, -3.4146e+00,
         -3.1260e+00, -1.1177e+00, -2.2795e+00, -1.9028e+00, -3.0189e+00,
          1.6701e+00, -2.8753e-01, -2.1774e+00, -1.6649e+00, -4.7846e+00,
          2.6362e+00, -4.1328e+00,  1.1416e+00, -1.1971e+00,  3.5874e+00,
         -5.4489e+00, -1.8320e+00, -1.0241e+00,  1.8751e+00,  1.2078e-01,
          2.9383e+00, -1.9845e+00, -1.5924e+00,  1.4166e+00,  3.9979e-01,
         -4.3355e+00, -1.0331e+00,  2.7228e+00, -1.4614e+00,  2.1232e+00,
          4.5812e+00,  7.9896e-01, -1.9227e+00, -2.3151e+00,  3.8206e+00,
          1.1847e+00, -6.0351e-01,  7.6612e-01,  3.3652e+00,  2.9060e+00,
          9.6086e-01, -2.6742e-01,  2.5075e+00, -3.2945e+00,  1.9631e+00,
          3.2118e-01, -3.3915e+00, -2.4658e-02, -2.9938e+00,  2.6438e-01,
          7.2247e+00,  2.4155e+00, -1.9375e+00, -1.2192e+00, -4.4230e+00,
         -1.4468e+00,  4.6088e+00, -2.9595e+00,  1.8485e+00, -3.5738e+00,
         -7.4256e+00, -4.5539e+00,  1.4839e-01, -3.5836e+00, -2.6831e+00,
         -3.4187e+00, -2.8869e+00, -5.3535e+00,  7.8857e-01,  3.6311e+00,
         -3.0525e+00, -1.6701e+00,  1.6370e+00, -2.1809e+00, -4.1534e+00,
          3.3579e-01,  3.4560e+00, -4.7314e+00, -2.9470e+00, -1.2935e+00,
         -5.3504e+00,  2.9735e+00,  2.0571e+00,  2.7888e+00, -3.9772e+00,
          2.9233e+00,  3.0129e+00,  2.5793e+00, -1.5548e+00,  1.5227e+00,
         -4.1238e+00,  5.0316e-01, -1.6716e+00, -2.6283e+00, -4.4767e+00,
          3.8461e+00,  2.2303e+00,  1.1200e+01, -1.3349e+00,  6.3101e-01,
          4.2326e+00,  4.9002e-01,  7.9596e-01, -2.4126e+00,  1.2519e+00,
         -9.3578e-01,  1.8564e+00, -6.8957e+00, -4.6874e+00, -3.1023e+00,
          5.1791e+00, -3.6837e+00, -1.6244e+00, -7.0265e-01,  1.3743e+00,
          2.7174e-01, -3.9118e+00, -3.0618e+00, -2.4463e+00, -5.4958e+00,
         -1.4849e+00,  5.8440e+00, -2.3623e+00, -2.6857e+00,  2.6392e+00,
         -1.9411e+00, -9.9135e-01, -3.5880e-01, -1.0226e+00, -1.1402e+00,
          2.0456e+00, -2.7986e+00, -1.5670e+00, -4.4291e+00, -2.3715e+00,
         -1.0203e+00, -2.4288e+00,  8.5634e-01, -1.5717e+00, -1.2309e+00,
         -7.4930e-01, -8.3914e-01,  1.1694e+00,  1.9422e+00,  8.3179e-01,
         -3.1979e+00, -1.7592e+00,  1.1091e+00,  2.5363e+00,  2.6688e+00,
         -1.4571e+00,  4.1410e+00, -2.4344e+00, -7.0286e+00, -3.7748e+00,
          1.2815e-01,  7.7716e-01, -1.4848e+00, -3.0646e+00, -3.7389e+00,
          4.4247e-01,  3.2212e+00,  1.3495e+00,  5.0150e-01,  8.2382e-01,
         -2.8288e+00,  3.7811e-01, -3.6943e+00, -1.9066e+00, -4.0864e+00,
         -2.1625e+00, -4.0711e+00, -3.5901e+00, -5.5552e+00,  2.0404e+00,
          1.9696e+00, -8.9414e-01,  3.1202e+00, -2.8515e+00, -2.3782e+00,
         -3.7644e+00, -4.6600e+00,  3.1941e+00,  1.0517e+00, -5.4442e+00,
         -2.7716e-01, -3.9690e+00,  2.3991e+00, -3.8867e+00, -6.6509e+00,
         -1.8648e+00, -2.1228e+00, -3.6803e+00,  2.0512e+00, -6.3724e+00,
         -9.7956e-01, -3.4798e-01, -5.9331e+00, -3.9957e+00, -1.3172e+00,
         -3.0687e+00, -2.8361e+00, -6.8737e+00, -8.3140e-01, -2.9620e+00,
         -4.4321e+00,  6.2229e-01, -5.9188e+00, -6.8818e+00, -4.2192e+00,
          1.7616e-01, -6.8207e+00, -3.4073e+00, -2.2669e+00, -1.1324e+00,
         -2.0170e+00, -4.0023e+00, -2.9681e+00, -2.4439e+00, -9.4099e-01,
          3.1127e-01, -3.3409e+00,  3.7360e+00,  1.5984e+00, -1.0410e+00,
         -3.0402e+00, -1.3822e+00, -4.8472e+00, -2.9041e+00, -2.1961e+00,
         -1.4819e+00, -9.6767e+00,  7.1993e+00, -3.0622e+00, -6.5942e+00,
         -4.7238e+00, -3.1198e+00, -6.5082e-01,  1.7919e+00,  1.5369e+00,
          2.5807e+00, -7.7475e-01, -3.0436e+00,  3.7834e+00,  4.5161e+00]])
tensor([[ -4.6024,  -0.8821,  -0.6932,  -3.5090,  -0.9827,  -4.1093,
          -2.8513,  -0.3710,  -4.5058,  -4.5221,  -5.4402,  -2.5637,
          -2.2192,  -3.6204,  -2.7708,  -6.0927,  -2.6482,  -2.2513,
          -4.0048,  -1.7203,  -2.8297,  -6.1765,  -5.4434,  -5.2898,
          -5.2416,  -3.6579,  -6.7713,  -3.6843,  -3.7414,  -3.0734,
          -4.0259,  -3.7326,  -3.9679,  -0.1481,  -1.0848,  -0.4507,
          -1.2381,  -1.2816,  -5.4413,  -2.0820,  -4.2055,  -5.0645,
          -4.9700,  -5.4872,  -3.1712,  -2.5510,  -3.6956,  -2.8071,
          -1.5797,  -2.1443,  -2.2375,  -0.1613,  -1.8406,  -3.1974,
          -5.0668,  -3.0522,  -5.7968,  -2.5551,  -3.0079,  -2.7613,
           2.6859,  -2.7729,  -2.6160,  -3.7377,  -3.3790,  -1.7104,
          -3.7229,  -3.9560,  -3.0299,  -6.6071,  -4.1731,  -0.8183,
          -3.7791,  -4.8128,  -3.9536,  -3.1282,  -3.3625,  -1.8092,
          -1.6433,  -4.3396,  -6.3688,  -5.4647,  -6.0752,  -4.7498,
          -2.2216,  -4.2471,  -3.1519,  -1.0970,  -5.1908,  -0.3334,
          -4.1540,  -3.2905,  -5.2944,   0.1121,  -0.3602,  -7.4384,
          -0.0869,  -3.4730,  -4.7631,  -0.8635,  -2.7494,   2.0582,
          -4.2969,  -3.5070,  -1.0603,  -6.5139,  -4.3991,  -3.0751,
          -1.8487,  -5.8154,  -4.7145,  -6.4972,  -3.1211,  -0.2778,
          -0.8183,  -3.3951,  -1.5549,  -5.2060,  -2.9460,  -1.9166,
           0.3921,  -0.2321,  -3.0868,  -3.7743,  -1.5720,  -1.8566,
          -1.9677,  -4.8293,  -6.6722,  -6.8381,  -2.6830,  -3.4827,
          -1.6737,  -1.4340,  -0.2701,  -3.1214,  -4.7215,  -5.2532,
          -5.9989,  -5.5803,  -5.7008,  -3.9480,  -3.6935,  -4.8802,
           1.8930,  -3.9152,  -6.4929,  -3.1399,   1.8460,  -3.0617,
          -0.4847,   0.7805,  -1.9144,  -3.1162,  -0.4860,  -2.0316,
          -1.9348,  -1.8861,  -1.4617,  -1.1632,  -2.6785,   1.0390,
          -0.2068,   1.0508,  -0.4821,  -1.1409,  -0.0024,  -2.5878,
          -0.5115,  -0.3652,   1.5517,  -3.0717,  -0.0208,  -1.6231,
          -1.0994,  -1.1061,  -0.5586,  -2.2631,   0.6181,  -1.9864,
          -2.7776,  -1.1568,  -1.7882,   0.1588,   1.6631,  -0.1753,
          -2.0221,  -1.0888,   0.0703,  -0.6924,  -2.9125,   0.2977,
           0.0091,  -1.3871,  -2.7319,   0.7011,  -2.9510,  -0.4108,
          -2.1243,  -0.4908,  -3.7532,  -2.2076,  -0.2143,  -0.8910,
           0.2190,  -2.3938,  -2.6983,   1.7832,  -0.9411,   0.5569,
          -1.3516,  -0.0731,  -0.0916,   0.9352,  -3.7065,  -0.4547,
          -1.5789,  -0.9117,  -2.2297,   1.2636,  -1.2375,  -0.0017,
          -1.2162,  -3.7512,   1.1396,  -1.6905,  -1.6876,  -0.6284,
          -0.1876,  -1.1716,  -1.3500,  -0.6918,   0.6914,  -3.2103,
          -0.7522,   2.9539,  -3.0622,  -0.7161,   0.6084,   0.3804,
          -0.3443,  -1.3386,   0.2015,   1.9978,  -1.6211,   0.4861,
           0.4477,  -0.1882,  -0.2503,  -2.0935,  -0.4208,   1.3885,
          -2.3666,   0.6689,   1.5476,  -3.1343,   0.2323,  -0.7099,
          -4.3263,  -0.9152,  -0.2493,  -2.2160,  -2.7067,  -0.6689,
          -0.1363,  -1.8246,   0.0524,   0.7705,  -3.1472,  -3.0546,
          -5.2495,  -5.2889,   0.9344,   2.6647,  -4.8183,  -3.7882,
          -4.3920,  -2.2838,  -4.0005,  -3.9871,  -2.0213,  -1.9369,
          -0.0109,  -2.9604,   0.4459,  -0.6698,  -3.1014,  -3.5241,
          -2.6712,  -3.7100,  -4.8626,   1.2193,  -1.5284,  -2.3342,
          -1.4920,  -1.5679,  -2.0649,  -4.4080,  -3.2095,  -1.1950,
          -3.3313,  -1.4302,  -2.4315,  -2.8539,  -1.3829,  -1.8759,
           0.9742,  -0.8922,  -2.2163,  -1.8326,  -1.4915,  -1.7560,
          -2.2490,  -2.0739,  -1.5754,  -3.9004,  -5.2115,  -3.3122,
          -5.6140,  -9.0046,  -4.0174,  -3.1598,  -6.3009,  -3.1080,
          -7.1326,  -5.5538,  -6.9318,  -1.5750,  -2.0251,  -4.0817,
          -5.4017,  -3.1883,  -1.5778,  -0.0618,  -2.5195,  -2.7115,
          -4.5453,  -2.8675,  -1.4383,  -1.8190,   2.7200,   1.2239,
          -3.7910,  -3.3078,  -2.0307,   1.5333,   1.4358,   1.2508,
          -3.5021,  -1.8373,  -5.6996,  -4.4314,  -4.1105,  -3.9937,
           1.4735,   0.2691,   0.2412,  -3.9329,  -3.1753,  -1.3982,
          -2.2451,  -2.1881,   1.8276,  -2.1989,  -4.7368,  -3.0278,
          -2.4326,  -3.9423,  -2.9645,  -5.5044,  -4.5218,  -1.2722,
           1.0134,  -2.5100,  -3.4489,  -4.6058,  -5.5839,  -3.5312,
          -5.7532,  -3.4473,  -2.9153,  -2.3580,  -6.2525,  -4.2294,
          -4.7631,   0.9514,   0.0549,  -3.9132,  -2.4945,  -1.4114,
          -1.4042,  -1.5660,  -2.7600,  -6.3470,  -2.9235,  -3.2248,
          -3.2923,  -3.1864,   1.1837,   1.2241,  -0.2372,   2.8912,
           0.6768,   0.0386,   6.3856,   0.6001,   3.4666,  13.8536,
           9.7621,   0.6187,  -0.9210,  -2.6736,   7.2147,   0.1728,
           1.5581,   5.8153,   2.8456,   3.6041,   1.5057,   0.5102,
           1.9228,   3.1199,   1.3927,   6.2398,   4.7653,  -1.6330,
          -1.3536,   4.8472,   3.5581,  -1.1464,  -4.8897,  -2.3138,
           2.0740,  -0.3839,  -1.5056,   0.1759,  15.2594,   0.0208,
           0.8864,  -3.1561,   1.5721,   2.5041,   2.0272,  -3.0486,
          -0.2838,   2.1186,   1.1702,  -0.2957,  -0.9955,   5.0608,
           3.3450,  -3.7422,   0.0626,   4.1740,   6.6214,   1.3804,
          -2.1074,   3.0395,  -2.1292,  -2.6915,  -0.5016,  -0.5542,
           1.4525,   4.9990,  -3.1226,  -2.8508,  -1.0536,   2.7521,
          21.4600,   2.2297,   3.0312,   1.8220,   5.8578,  -0.5890,
          -2.4274,  10.1735,   6.3017,   0.6361,   5.3125,  14.2958,
           3.3993,   0.3307,   2.6801,   4.6568,   2.5307,   0.8117,
           1.0751,  -0.5317,   2.0416,   2.4460,  -3.0268,   4.3065,
           2.1545,  -0.6701,  -2.6171,   0.3394,  -1.1597,   6.3666,
           7.8997,  -3.4528,  -1.5426,  -1.2911,   2.5763,   0.0404,
           1.8578,   1.3016,   1.7675,  -0.6346,  -1.4985,   4.8030,
          -1.1048,  13.5250,  -0.2473,  -0.8219,   2.9445,   3.9205,
           2.0512,   7.2806,   2.6819,   1.1376,   1.9057,  -0.0985,
          -1.8987,   2.9937,  -3.3911,  -0.0691,   2.6033,   3.4776,
           3.6804,   1.8301,   3.3028,  -2.7698,   3.6689,  -1.5108,
           1.2329,   0.1052,   6.5415,  -0.1638,  -0.0351,   0.3345,
           3.7043,   0.3940,   1.1793,   1.1762,   1.0473,   1.8171,
           1.3131,   1.4942,  -0.6616,  -2.4351,  -2.0669,  -2.3778,
           5.4670,   1.9420,   4.4512,   9.5490,  -1.0010,   1.4556,
           1.6517,   2.7926,   0.9057,   6.7620,   6.7021,  -0.3122,
           1.5220,   1.8065,  -4.5890,   3.4682,  -0.5797,  10.0242,
          -3.0548,   5.1270,   1.0610,   5.8016,  -1.2709,   7.0437,
           5.9519,  -0.9084,   1.5889,   2.8143,   1.0724,  14.1908,
           4.7343,   1.3926,   0.1585,   1.9600,   3.4226,   4.6525,
           0.1772,   3.9726,   0.0800,  -2.3165,  -3.0834,   0.4978,
           2.4539,   3.1730,  -1.2506,   1.0629,   1.1779,  -0.5309,
           4.8248,  -2.4294,   0.5880,   4.6184,  -0.1583,  -1.7301,
           4.5623,   1.1756,   1.0950,   9.4496,   0.2820,   0.3838,
           8.1113,   1.3669,  -0.3472,  -2.2598,  -1.7016,   1.6114,
          -1.8269,   0.9053,   1.5316,   4.9700,   1.4363,  -2.9434,
           5.3751,   7.1741,   4.8217,  15.2790,   0.9909,   0.0230,
          -1.2766,   1.3531,   2.5666,  -0.2755,   3.5186,   1.3203,
           3.1772,   5.9462,   0.9367,  -1.7350,  -1.3087,   2.3818,
           0.7220,  -0.5318,   0.0128,  -3.6063,  -1.4831,   1.4530,
           1.3093,  -3.1614,  -2.2202,   1.1096,  -0.4491,   3.1662,
          14.8505,   7.6584,  14.0154,   3.6695,  -2.4173,   0.2764,
           7.8696,   6.0075,   1.9974,   0.7338,   3.8292,   5.0781,
          -1.1143,  -3.3104,   2.4248,   1.1854,   7.5074,  -2.2627,
           3.3146,   4.1272,  -0.2869,  11.3923,   0.2623,  -0.9123,
           3.0089,  -4.5681,  -0.7546,   0.7847,   6.8579,  -0.1566,
           1.3167,  -3.2286,   1.2356,   4.1693,   2.8744,  -7.3621,
           2.0300,   0.2198,   2.0691,   2.5995,   1.6094,   0.5709,
           0.8608,   1.3796,   5.2832,  -0.4200,   1.4326,  -1.0479,
           1.0979,   0.2884,  11.4388,  10.5892,  -0.4827,   3.7054,
          -2.5838,   3.3241,  -1.1344,   2.6050,   0.9767,   3.1586,
          -5.1650,  -2.2182,   2.4603,  13.9001,   2.2181,   2.4242,
           2.1589,   4.1339,   3.0560,  -2.9707,   4.3122,  -0.5283,
           1.2711,   1.3914,  -3.7421,  -1.8970,   3.4301,   1.3642,
          -3.4404,   3.3531,  13.1450,   4.1470,   5.0935,   4.3694,
          -1.5106,   0.8405,   3.2815,   0.1614,   4.3726,   2.4025,
           5.3219,   1.1017,  -1.6445,   0.6506,   2.7760,   1.2501,
           6.4304,  13.5508,   1.3495,  -0.0630,   0.5233,  -2.8403,
          -2.6511,   8.7318,   0.1373,  -0.6434,   2.4487,   1.6155,
           6.5526,   0.0668,  -0.5423,   0.7449,  -0.4590,   3.1071,
          -2.2123,   3.8393,  -1.2162,  -0.9705,  -3.5900,   0.6953,
          -2.2101,  -0.0154,   0.8937,  -3.3779,   3.9052,  13.6783,
           3.0971,   0.6193,   3.2216,  -1.1074,   5.2451,   1.7267,
           3.6415,  -4.9630,   0.7281,   1.7484,   2.8726,   7.5148,
           2.1985,   1.1023,  -2.4299,  -1.9631,   1.1638,   2.0175,
          -2.7748,   5.6043,   4.0597,   1.0606,   1.8790,   7.9126,
          -1.1702,  -0.9320,  -0.3274,  -3.0312,   3.5631,  -1.4593,
          -1.4645,   1.9623,  -1.0795,   0.0304,   8.3649,  -5.6016,
          -2.2709,  14.7526,   5.0864,   0.4151,  -1.8206,   1.7049,
           0.4442,  -1.5046,   3.1560,  -0.6367,  -0.1672,   0.9610,
           0.7378,   6.9917,   5.1004,   5.5721,  -1.1557,   2.3977,
           1.4789,   0.2584,   0.7516,   1.5568,   3.4396,  -3.1477,
           1.4988,  -0.4473,   0.2822,   1.5918,  -1.2417,  -0.1326,
           0.8247,   0.7760,   1.8358,   0.5152,   0.0792,   2.9520,
          -1.3807,  -1.4796,   2.1946,   1.1075,   5.6516,   2.0257,
           1.2089,   5.3061,   2.9014,   2.2451,   0.7301,   1.4004,
          12.8478,   6.5689,   5.2654,   9.2634,   2.6258,  -1.6336,
           5.5126,   6.5765,  -0.3635,   3.3572,   9.8100,  -1.1741,
           2.6889,   0.1104,  -0.4434,   5.6296,   3.8391,   4.1701,
           4.9694,   1.5403,   0.8657,  -0.8529,   3.4723,  -1.5786,
           4.8687,   1.7574,  -4.2167,   0.4532,   2.8549,  -0.7327,
           1.2625,   1.7194,   0.6506,   3.2420,   2.6023,   3.4385,
           3.6744,  -2.2826,  -1.4912,   2.3962,   0.6963,   1.9936,
          -1.2778,  -0.4546,   6.0636,   1.6322,  -2.4981,  -2.0164,
           0.5228,   0.6043,   0.0264,   0.2524,  -1.6677,   1.5113,
          -2.3409,   7.9573,  14.0253,  -0.5743,   0.0737,   1.5519,
          -0.2832,  -0.5056,  -0.7261,   0.8389,   0.9577,   0.8113,
           1.1548,  -1.9043,   5.0333,   2.7879,   4.0221,  -2.5780,
          -0.9160,   0.3562,  -1.8746,  -0.5511,  -1.0519,  -1.4203,
          -2.8173,   1.3765,  -5.0691,   1.0431,  -2.9529,  -3.1146,
           0.6489,   1.3851,   2.1175,   0.1171,  -1.4457,   0.4700,
           4.6963,   2.4531,  -2.3363,  -2.3738,   0.4796,  -3.5301,
          -1.5388,   1.2898,  -2.0378,   1.8091,  -1.3533,   0.8259,
           2.6357,   0.6007,   2.1746,   0.1539,   0.3490,   5.5316,
           0.2797,  -2.4069,   0.9580,   3.5974,  -0.7375,   2.2579,
           4.5064,   0.2415,  -2.1222,  -0.0384,   4.3849,  -2.6428,
          -3.0647,  -3.8992,  -4.5965,   1.3695,  -5.9148,  -2.8875,
          -1.5041,  -2.3991,  -2.0938,  -7.1390,  -3.2529,  -3.5582,
          -3.2124,  -3.9310,  -0.3391,  -1.3995]])
tensor([[ 4.0925,  1.8457, -1.0342, -0.4098, -0.4352,  0.4355,  0.4593,
          0.5268,  1.7018,  4.0345,  1.5381,  1.6551,  2.0222,  3.1240,
         -0.5361, -0.7048, -1.3395, -1.6934, -0.9980, -0.1425,  0.1462,
          1.2976, -1.7923,  1.2048, -0.1642,  0.1819,  2.8790,  0.9981,
         -1.1715,  6.0188,  3.8332,  0.6400,  2.4177,  2.0594, -1.4738,
          1.2000,  0.7454, -1.2378,  0.9247,  2.0576,  0.0453,  1.2735,
         -0.5519,  1.8560,  0.7503, -2.3664,  1.9476,  2.8543, -0.1511,
          0.0901,  0.9564,  3.3108,  0.1328, -0.5185,  0.2929,  1.1620,
         -1.0024,  0.0389,  0.3933,  0.8214,  1.7045,  0.0196,  1.0895,
          1.7864,  1.5756,  0.9874,  0.2704, -0.6107, -0.5436, -3.1394,
          0.9476, -2.3072,  0.9625,  2.5087,  2.6919, -1.7254,  1.8926,
          0.5919, -0.6657,  0.3320, -0.7814, -2.4250, -0.1342, -0.1450,
          0.7057, -0.4267, -0.3264, -3.3141, -0.1271, -1.1077, -0.1786,
         -1.2039, -1.9538, -2.0324,  3.4200,  1.6756, -0.4086, -0.5444,
         -0.3556,  0.2206, -0.6554,  1.0631, -1.2089,  0.9881,  2.4628,
          1.3570,  2.5955,  1.5462,  3.3650,  0.1268,  0.6549, -0.7958,
          1.9101,  1.5024,  0.5025,  1.7256,  1.5279, -0.1560,  2.3474,
          1.8036, -1.4448,  1.2328,  1.7842,  1.3426,  1.7146,  0.8123,
          2.5861, -0.9575,  0.7674,  1.9916,  0.6525, -0.3565, -0.5606,
          0.9921, -0.8107, -0.2385, -0.5866, -2.3691,  0.4815, -1.3187,
         -1.1133, -2.1285, -0.9674, -2.3814, -0.1692, -5.3889, -1.8516,
         -4.6519, -3.9878, -0.5042, -2.0294,  4.0633,  3.5768,  2.9103,
          2.4281,  2.8484,  3.5946,  3.8766,  3.2479,  1.9259,  3.6055,
         -0.4170,  1.7849,  2.0589,  0.6745, -1.0031,  2.3327,  2.0707,
          1.6943,  5.6955,  4.5502,  1.6833,  0.6854,  4.5380,  2.6959,
          4.6014,  5.4549,  3.7304,  1.2388,  1.3641,  2.5356,  1.7815,
          3.7708, -0.3786,  2.0296,  3.4972,  4.2821,  4.4819,  4.4697,
          4.2972,  1.4627,  3.5863,  1.7432,  3.4463,  3.0520,  0.6205,
          3.0855,  0.8016,  3.6150,  1.2013,  2.3873,  2.9496, -0.7150,
          2.4409,  1.1962,  0.8335,  1.1128,  5.5581,  3.1515,  1.7348,
         -0.2186,  3.4897,  5.2222,  1.4177,  1.6344,  5.1300,  4.0504,
          2.1688,  3.2756,  3.9559,  2.6311, -0.4241,  3.8578,  0.0895,
          0.0359,  2.1717,  4.0594,  2.6227,  1.3371,  4.4912,  5.1100,
          5.8611,  3.3094,  2.5799,  1.6104,  4.8570,  0.8479,  1.1658,
          2.6650,  2.3622,  3.9652,  2.8580,  2.0714,  3.2362,  2.7032,
          0.7212,  1.7162,  3.6239,  3.7309,  4.2563,  4.1344,  1.0551,
          1.2892,  1.2226,  0.8190,  2.6529,  0.9320,  3.4175,  2.7217,
          5.1641,  2.7606,  2.0136,  3.3776,  3.4313,  2.2641,  1.9989,
          0.7179,  3.0178,  1.2691,  4.0156,  2.6973,  4.4265,  3.8951,
          1.7307,  1.4203,  0.2962,  0.9810,  3.3934,  2.7861,  0.8732,
          2.8803,  4.7039,  4.2990,  1.9470,  2.3183,  4.5748,  3.2124,
          2.3565,  0.7301,  1.6736,  0.0028,  1.7420,  2.7951,  0.6438,
         -0.9020, -0.3506, -1.9583,  1.0608,  0.6669,  1.3975, -0.5018,
          0.1238, -3.1490, -0.9735,  0.3777, -3.0316, -2.1969, -0.3865,
          2.1700,  2.4469, -0.5757,  0.5343,  0.9763,  2.3691, -0.7461,
          0.5549,  1.3904,  0.7123,  1.6880,  0.9361, -0.1808, -1.1178,
          0.9076, -0.6489,  0.4854,  2.5794, -0.3974,  2.1614,  1.4165,
          1.8064,  3.1036,  4.7590,  4.0535,  2.6289,  1.8948,  3.8487,
          1.2209,  1.0184,  2.2343,  0.2805,  0.3431,  3.6066,  3.6570,
          1.0217,  1.3307,  0.6560,  1.1749, -1.5103,  1.7706, -0.4219,
          0.2118, -0.0287,  1.7243,  2.0890,  3.4051,  2.8722,  4.2069,
          2.5031,  3.6629,  4.2456,  0.0029,  1.3366,  2.7109,  2.3672,
          3.0858,  0.5047, -2.4790,  1.0634,  1.9445,  0.5568,  2.9379,
          3.1796,  0.9775,  4.6681,  1.4323,  0.7621,  0.8830,  2.8264,
          3.9082,  0.6245,  5.5777,  3.6517,  4.7986,  0.8882,  4.1425,
          0.3588, -1.0669,  0.3897, -1.1637,  4.2761,  1.2374,  0.1314,
         -1.8539, -1.7459, -0.1619,  1.5412, -0.3301,  2.2286, -1.5379,
         -1.0410, -1.1641, -0.3668, -1.3762, -4.3719, -3.8406, -2.7666,
         -0.6213, -3.0794, -3.0056, -1.3161,  1.9637, -1.9444,  0.1104,
         -1.8655, -1.5104, -1.6633,  1.2446,  1.9937, -2.1509, -0.2492,
         -0.1621, -1.7942, -2.2787, -2.7057, -4.4776, -0.3461, -2.5895,
         -1.7181,  1.9599, -0.3646, -0.9983, -1.9587,  1.3791, -1.1615,
         -0.1158,  1.3255, -3.2068, -0.3496, -1.0111,  2.8185, -0.6579,
         -0.6074, -0.1664, -1.1920,  0.6509,  4.9495, -3.1015,  0.2831,
          0.6130, -0.4886, -2.0423,  0.0054,  3.1299, -2.9183, -1.6556,
         -1.9915,  3.1840,  2.0723, -2.9844,  2.3040, -2.3010,  1.2966,
          0.8820,  1.1319, -1.5939, -0.2454, -3.8132, -3.9692, -3.3723,
          1.8260, -0.3301, -0.0298,  0.4089, -4.0158, -0.3570,  0.5151,
          2.0860, -3.2455, -1.0734, -3.0364, -3.7592, -3.0265, -3.3472,
          0.1766, -2.1281, -4.2322,  0.8361, -0.5824, -1.3602,  1.1835,
         -0.4822,  1.1818, -2.4925, -2.1398,  0.2271, -2.3383,  1.2792,
         -1.7791, -3.5196, -2.0633, -3.5105,  1.6670, -1.2525,  0.6534,
         -2.3081, -2.6098,  1.1423, -3.6144, -3.8885, -1.8347, -3.6038,
         -0.9008, -1.3772, -0.6299,  1.2657,  0.6233, -1.7321, -2.8419,
         -1.3968, -0.7604, -2.3170, -0.1747,  3.2549, -0.1230,  0.3550,
         -1.0086, -3.7546, -3.5270, -3.1017,  1.9252, -2.3198, -1.4987,
         -1.4155, -2.3191, -4.1812, -5.4115, -4.3276, -0.1951, -1.7404,
          1.5241, -2.7969, -1.0516, -0.1364, -1.7344, -1.1808, -3.3164,
         -2.8639, -4.1016, -3.7798, -3.5231, -4.7499, -2.5699,  4.5237,
         -2.0824, -3.0647, -1.0157, -0.0949,  0.8052,  0.8781, -0.9567,
         -1.6049, -3.5279,  2.5745, -3.8120, -3.4742, -4.3961,  1.7767,
         -1.2099,  3.6729, -2.1052, -0.5788, -3.4116,  0.4244, -3.2706,
          0.4034, -0.5016, -2.7926,  1.3925,  2.9333, -1.6818,  1.7704,
         -2.8689,  1.0217, -1.5997,  1.4471,  1.3003, -2.3391, -1.5177,
          1.0409, -1.5383, -2.5558, -2.1996, -4.1546,  0.7552,  1.7198,
         -1.0067,  1.4551, -2.7993, -2.1761, -1.9857, -1.0709,  3.4457,
          0.8382,  0.7462, -0.1086, -3.1427, -3.4539, -0.8865, -2.2454,
         -1.8026, -1.0448,  1.1263, -1.8154, -4.8211,  1.8662, -1.9737,
          0.0740, -1.9369, -0.2886, -1.1213, -1.2141,  1.1076, -0.0042,
         -2.6040, -2.8024, -4.1728, -0.3349, -2.4690, -2.2687, -1.0873,
         -2.1326, -0.8824, -3.3203,  1.6612, -3.0073, -3.3612, -0.9729,
         -1.5611,  3.6044,  0.5988, -3.1598,  1.3962,  0.3133,  1.0226,
          0.5087,  1.8855,  1.6408, -2.6618, -3.3286, -2.7200, -0.6548,
         -2.9270, -1.0417, -0.4188, -2.4029,  0.8566, -2.2025,  0.1262,
         -0.1034, -2.5980, -1.6588, -2.1050, -3.7482, -0.2352,  0.3868,
         -0.2620, -0.7060, -0.3529, -1.4932, -2.8141, -1.2710,  1.0216,
         -0.2196, -1.2526, -0.3408, -2.8065,  2.5608, -1.3115,  1.7171,
         -0.8598,  1.1169, -2.1380, -2.6805, -0.0653, -0.5827, -4.1624,
         -4.9902, -3.2199, -3.3312,  1.8548,  0.6420, -0.1296, -1.5579,
          0.1071, -1.9497, -1.9527,  0.0141, -1.0772, -1.3323,  1.7667,
         -3.1551,  1.8887, -0.8200,  1.5502, -1.8478, -2.7298, -1.9044,
         -2.3541, -0.5911, -3.6310, -3.5491,  0.0998,  1.3897, -2.4447,
         -2.6198, -1.7796, -0.3020, -2.3742, -1.9193, -1.2756, -0.4633,
         -1.6149,  2.0114,  2.0813, -1.9445,  1.5882, -4.5196, -1.5118,
          1.1197, -4.6176, -1.9390,  1.7627, -2.5830,  0.9072, -3.9219,
          2.5040, -1.1444, -0.9067,  1.2566, -1.4958, -1.8613, -1.8923,
         -2.1130, -2.5924, -0.5879, -1.9328, -6.8000,  0.2393, -0.5864,
          3.1569,  0.5744, -2.3089, -0.5413, -2.8713, -2.9015, -0.0948,
         -1.1309, -3.0027, -0.1062, -0.9262, -2.5712, -1.2641, -0.8993,
         -0.6706, -1.9714, -0.1408, -1.6312, -2.7984, -1.8015, -1.6760,
         -4.4608, -5.0183, -0.7763, -1.5925, -1.1447,  2.2635,  1.3492,
         -2.8335, -0.9108, -1.6554, -1.8662, -2.7389, -0.5761, -0.8875,
         -0.3917, -1.3155, -3.7548,  0.4293, -2.2637, -0.5553,  0.5472,
          0.5018, -2.1458,  0.8298, -0.4125, -1.3147, -0.3584, -1.2436,
         -5.2518, -2.6865, -0.5385,  0.0138, -3.4852, -4.8322,  0.4677,
          2.0961, -1.1354,  0.4183,  1.2052,  0.2481, -3.9721, -3.2264,
         -0.5910,  0.2562, -0.9121,  1.8525,  1.0132, -3.1933, -1.2816,
         -2.8766, -2.1611, -2.0352,  0.3187, -2.0314,  2.2122, -1.1110,
         -0.5747, -1.8008, -1.2764, -1.4840, -1.0105, -2.3015, -0.2971,
         -4.5251,  0.5302, -0.4656,  1.5347,  2.8948,  0.9725, -0.9300,
         -2.1347, -1.2624,  2.2709,  3.4175, -3.8391, -1.5094, -1.1427,
         -1.4525, -4.7355, -1.0200,  0.1696, -0.1285,  2.7708, -1.0333,
         -0.7369, -1.3600, -1.1115, -1.3172, -2.4291, -2.2190, -1.6142,
         -1.3409,  1.1695, -1.5950, -2.3741, -1.2395, -0.8962, -2.3514,
         -1.5997, -1.0894,  0.7751, -2.5156,  0.0235, -3.2075, -3.3590,
          1.1033,  0.1407, -2.1540, -4.6100,  1.5059,  0.3638, -3.3963,
         -0.5797,  1.5202, -3.2814,  1.3977, -2.1314,  2.0051, -1.2491,
          1.1053,  0.2835, -3.8768, -1.9981, -3.0778, -4.2118, -1.4651,
         -2.4433, -1.0282, -1.1927, -1.5049, -2.2707, -2.3812, -1.1214,
          2.8477,  1.0191, -0.0026, -0.4916, -0.8654, -2.9881,  0.8527,
         -0.3460, -0.1449,  0.7193, -1.5789, -3.3499, -1.7280, -2.1606,
          1.0798, -1.8021, -0.6191, -1.7029,  2.0686, -2.6236,  0.0438,
         -2.0200,  0.7671,  0.2110, -1.9648, -3.0603,  1.4243, -3.5358,
         -3.4932, -0.2386, -3.3007, -1.6521, -1.9839,  2.8098,  5.7293,
          1.8166,  2.3414, -0.3686,  0.5907, -0.2534,  1.1536,  3.1713,
         -0.9444,  3.3130,  1.9368,  1.1431,  1.8673, -1.8807, -0.0500,
          0.2924,  2.7728,  1.2979,  5.2139,  2.7591, -1.4992,  1.7776,
         -1.6872, -4.6650, -3.5524, -1.8026, -0.6029, -1.1080, -1.0622,
         -1.4814, -4.6424, -1.8267,  1.6736, -0.3771,  3.2401, -0.6511,
          1.2324, -0.3213,  1.8123, -0.1477, -1.7794, -0.2826,  1.5892,
         -1.2024, -0.1800,  4.1723, -2.5611,  1.4618,  1.2916,  0.4232,
          2.8923,  0.9029,  3.1388,  3.6894,  0.0965,  0.0662,  1.2072,
          0.6536,  3.7999,  1.2199, -0.3239,  2.5462, -1.8279]])
tensor([[  0.9205,   0.1799,  -3.5575,  -4.2121,  -2.9422,  -0.6948,
          -2.5151,   1.1957,   3.0867,   0.8052,  -3.1745,  -0.0506,
           1.9080,  -1.9834,  -1.5892,  -1.3399,  -2.1917,  -1.6112,
          -5.4690,  -3.1591,  -4.3375,   3.0544,   0.6503,   1.7985,
           2.2415,  -0.1744,  -3.8733,  -0.6031,  -2.4788,  -2.3615,
           0.1607,  -0.8268,  -0.5906,  -1.4733,  -1.7464,  -0.7535,
           0.1290,  -0.0714,  -2.6798,  -0.7541,  -0.9296,  -3.3320,
          -1.1440,  -0.5316,  -2.4295,  -3.6573,  -1.1273,  -2.8339,
           0.3556,  -4.3350,  -0.6430,   0.2107,  -1.4090,  -1.2889,
          -2.3428,  -0.1378,  -2.0739,  -3.5550,  -2.4808,  -1.3167,
          -2.1902,   0.9146,  -0.7479,  -1.0750,  -1.7891,  -3.3029,
          -1.4458,  -1.9591,  -3.2190,  -3.8182,  -2.5597,  -2.3399,
          -4.3140,  -1.0858,  -0.5031,  -2.5257,   0.2169,  -1.4981,
          -2.3917,  -3.1175,  -2.7146,  -3.4565,  -0.2877,  -1.7149,
          -0.5073,  -2.6281,  -0.2088,  -1.0817,   1.0438,  -1.4795,
           0.4280,  -2.7075,  -2.1944,  -2.7420,  -0.4198,  -2.4436,
          -2.0182,  -0.2847,  -3.2257,   1.2659,  -1.0377,  -0.6017,
          -2.3190,  -2.6759,   1.7290,  -0.6667,   0.7142,  -1.3096,
          -0.3232,  -2.8819,  -2.2099,  -3.0432,  -1.6331,  -0.6766,
           1.2048,  -0.1200,  -2.9922,  -2.2203,  -0.6632,  -1.5955,
          -2.5584,  -1.7744,  -0.9532,  -1.1616,   0.7923,  -0.4642,
          -1.0466,   1.2845,   0.6626,   0.6650,  -2.4677,  -3.0046,
          -3.3944,   0.7924,  -1.4167,  -1.9062,  -1.8793,  -3.9652,
          -0.7627,  -2.2837,  -3.6503,  -4.1483,  -5.1515,  -3.0496,
          -2.7319,  -3.1811,  -1.0351,  -4.6858,  -6.7255,  -1.5259,
          -0.7690,   6.5867,  10.5084,   7.5881,   9.6838,   8.3214,
          10.6570,   6.5664,   4.5480,   7.9333,  12.5161,   9.2900,
           7.4559,   9.7532,   5.4614,   4.2108,   6.0337,   6.7703,
           7.0480,  10.4534,   8.3201,   2.1942,   5.2402,   7.0109,
           4.4883,  11.1018,  11.0646,   7.3310,   6.6327,   5.7048,
           5.7940,   5.5049,   7.9825,   5.2828,   8.0646,   9.9711,
           9.3468,  10.2264,   6.4422,   9.0924,   8.8621,   7.0996,
           6.7907,  11.2814,   9.2192,   2.8286,   6.0042,   3.7856,
           6.1437,   7.6632,  12.4576,   9.3766,   7.1758,   5.8987,
           7.8709,   7.1214,   6.2749,  14.9458,  11.6632,   8.1875,
           3.6871,  11.1764,  13.3740,  10.8455,   7.9437,  12.3297,
          13.3536,   7.7175,  12.0330,  15.6745,  13.8954,   3.8163,
           9.3811,   2.4121,   2.6059,   3.9879,   8.7726,   5.6139,
           5.6742,   7.2047,   8.7961,   9.6858,   7.6664,   5.5170,
           4.5011,   7.2784,   5.1198,   0.2288,   6.7810,   4.5127,
           7.5160,   5.1034,   3.5252,   5.9982,   8.6481,   2.4633,
           4.7227,   7.1680,   5.3305,   3.8868,   3.9322,   4.0474,
           4.5740,   4.4687,   1.4836,   8.0096,   7.0090,   9.0242,
           4.8946,   7.0486,   9.1164,   1.9117,   5.4455,   6.7561,
           6.1627,   8.1349,   9.0637,   9.8671,   1.9957,   3.8050,
           3.9915,   2.6816,   3.2158,   4.5765,   1.8393,   2.5025,
           4.5462,   2.5663,   0.9516,  -0.0300,   0.1228,   0.7320,
           2.0048,   2.0301,   0.8958,  -1.2928,   2.5988,   0.7953,
          -1.2826,  -1.8316,  -0.8187,   7.1228,   3.2218,   3.7810,
           5.0047,   0.0283,   2.2041,   2.1862,   1.3062,   1.2218,
          -1.2924,   1.7789,  -3.9877,  -1.2512,  -1.0513,  -3.6719,
          -1.6749,  -2.4786,  -2.2237,   0.0482,  -1.7420,  -1.6430,
          -0.4302,  -1.2524,  -1.4424,  -0.9138,  -0.9489,  -0.1472,
          -1.9480,  -1.5854,  -3.3361,  -2.6014,  -1.5953,  -2.6939,
          -1.3369,  -1.0721,  -4.1862,  -1.1560,  -3.4923,  -2.5564,
          -0.9155,   0.1876,   3.3864,   2.9833,  -0.2859,   0.2912,
           2.2852,  -0.0807,   3.9151,   3.6233,  -0.3339,   2.1246,
           1.1154,  -1.1793,   1.5492,   2.9582,   2.0798,  -0.9967,
           3.4019,   1.2663,   2.1924,  -0.5480,   0.6474,   0.7121,
           2.8318,   3.2351,  -0.5830,  -1.5466,   0.2753,   0.5326,
           1.4239,   0.7836,   1.5482,  -1.4683,   2.4896,   1.9528,
           1.1674,   1.6199,   4.6934,   1.0217,   2.7593,   3.4163,
           3.5302,   5.4579,   1.5596,  -0.6876,   1.3259,   1.9170,
           3.6268,   1.3822,   3.9908,   1.4659,   4.1082,  -1.6560,
          -0.5923,  -1.0323,  -0.8371,  -2.5993,  -1.2689,  -1.0194,
          -1.5389,  -2.8548,  -4.3280,  -3.1588,  -1.8852,  -2.9225,
          -2.3458,   0.6499,  -2.7684,  -0.6542,   2.4521,   0.5862,
          -1.1733,  -5.6029,  -5.3655,  -2.1064,  -1.3563,  -2.5896,
          -4.0300,  -2.3780,  -0.1359,  -2.1766,   0.7281,  -1.9735,
          -0.5762,  -0.8286,   0.5397,   0.8254,  -2.8416,  -1.4323,
          -0.2933,  -3.2486,  -2.4129,  -4.0989,  -2.8380,  -0.3273,
          -3.2822,  -2.2967,   4.8930,   1.7565,  -1.6463,  -0.9078,
           0.6188,   0.5116,   2.9920,   0.0075,  -2.8039,  -2.9796,
          -2.2598,  -2.1896,  -1.4064,  -3.1176,  -3.4498,   0.5116,
          -1.6739,   1.1008,  -2.5077,   1.3841,  -0.3432,  -3.1932,
          -4.4311,  -3.8027,   4.1089,  -2.5771,  -2.1046,  -1.4579,
           2.2439,   3.2407,  -2.6250,   1.2035,  -3.6560,   0.6218,
           0.8191,   4.2970,  -1.6652,  -4.5512,  -2.2069,  -1.2787,
          -1.2030,  -0.0690,  -0.3443,  -0.9711,   0.7290,  -2.5676,
           2.6140,   2.1152,  -0.0802,  -4.5572,  -0.7533,  -1.0093,
          -2.5068,  -2.8438,  -2.5104,  -3.2700,  -3.3041,  -4.2298,
          -1.0524,   1.9110,  -0.2881,   0.9807,  -3.0257,   1.6545,
          -2.8492,  -4.4373,  -2.3886,  -4.7276,  -1.6430,  -2.4259,
          -2.2345,  -1.0973,  -3.7511,   3.0727,  -1.6075,  -2.0128,
          -0.7591,  -3.0602,  -1.7917,  -4.2196,  -1.2478,  -1.0382,
          -5.5317,  -2.2380,  -3.0391,  -2.7091,   0.9149,   0.9082,
          -2.2885,  -3.5205,  -1.4242,  -1.1056,  -0.7397,  -1.8012,
           2.2499,   0.4410,  -1.9205,  -3.1711,  -3.0366,  -1.6247,
          -2.8127,   0.3080,  -0.4701,  -1.0731,  -3.2070,  -0.2598,
           0.0928,  -4.9191,  -4.9532,   0.3790,  -3.2262,   2.7013,
          -5.6494,  -2.4283,  -0.4673,  -0.0824,  -1.1650,  -4.6343,
          -2.6828,  -4.4857,  -3.3243,  -1.6129,  -4.4030,  -3.3183,
           6.1645,  -1.5906,  -5.2450,  -1.6633,  -2.9227,   0.6399,
          -0.0067,  -1.1919,  -0.5210,  -3.8947,   1.0250,  -3.6606,
          -2.9457,  -2.5165,  -0.1526,  -1.0712,   4.2357,  -1.3874,
          -1.2742,  -2.1588,  -3.2084,  -2.7819,  -1.3314,  -0.6055,
          -4.6372,  -3.4535,   2.7196,  -0.3733,   2.7347,  -3.1253,
           0.7729,  -0.5573,   0.6107,   1.2112,  -3.0256,  -0.7390,
           1.9730,   0.9330,  -1.1206,  -0.6899,  -4.9998,  -0.5217,
           1.2495,  -1.0407,   1.1782,  -4.3605,  -0.0621,  -2.8293,
          -3.1917,   1.1983,   0.1333,   1.0414,  -2.5394,  -2.7058,
          -1.7650,   0.9361,   2.8914,  -0.8242,   2.7695,  -1.4287,
          -3.9018,  -3.8293,   1.7442,  -1.0691,  -0.1024,  -1.7561,
          -2.4289,  -1.6919,   1.3691,   0.8163,   0.4339,  -3.7533,
          -1.4527,  -5.3759,  -2.0560,  -2.4244,  -3.9211,   0.7674,
          -2.8356,  -0.7016,  -2.6438,   1.2992,  -5.0912,  -4.6184,
          -0.5035,  -2.3133,   1.8305,  -0.8980,  -4.6675,  -1.2308,
           0.3585,   1.9634,   0.3616,   3.4675,   0.6869,  -2.8373,
          -2.7149,  -2.0008,  -0.0839,  -1.6458,  -1.8332,  -4.1601,
          -1.9626,   1.4000,  -1.8338,  -3.9686,  -0.0189,  -2.7890,
          -2.4938,  -2.3994,  -5.7733,  -1.5873,   0.1160,  -1.3656,
          -1.8359,   3.7776,  -4.0468,  -0.4352,  -1.9368,  -1.4076,
           3.1230,  -0.5905,  -3.8781,  -3.5963,   7.6535,  -2.0229,
           2.3033,  -2.6505,   0.5385,   1.0267,  -2.6673,  -0.7688,
           0.2421,  -4.3575,  -5.5823,  -4.0399,  -3.4790,   2.1478,
           1.8781,  -1.4750,  -1.5826,  -1.4265,  -5.0256,  -1.7481,
          -0.6659,   0.1883,  -2.9610,  -0.5327,  -1.2054,   1.0692,
          -1.5131,   2.5195,  -1.6580,  -3.5368,  -2.3354,  -1.1784,
           0.3198,  -0.7952,  -2.4149,   0.8228,  -3.3957,  -3.4088,
          -1.6941,  -2.8195,   3.8801,  -0.6412,  -3.5700,  -1.4990,
          -1.2441,  -0.0636,   0.3224,   1.6120,  -3.9853,  -1.0597,
          -4.2724,  -4.0595,   0.4836,  -4.6124,  -0.7906,   2.3335,
          -1.0567,  -1.4211,  -2.8977,   5.5505,  -1.9338,  -0.1831,
          -0.3538,  -1.5606,  -1.3495,  -1.0842,  -1.6251,  -2.6795,
          -3.2832,  -3.2518,  -5.4354,  -0.9433,  -0.4923,  -1.4734,
           3.5115,  -2.4552,   0.0131,  -3.6770,  -3.9590,  -2.9167,
          -0.0711,  -1.9633,  -2.0111,  -1.4317,   0.0376,  -0.8424,
          -2.1593,  -1.7624,  -1.8019,   0.1634,  -2.2668,  -2.5330,
           0.6236,  -2.4556,  -2.5125,  -4.2165,  -1.7408,  -0.0647,
          -2.6817,   1.7073,   1.5569,  -3.8023,  -2.8721,  -0.5807,
          -2.3533,  -2.1701,   1.6875,  -3.6826,  -0.4128,   4.0521,
          -1.8108,  -1.6943,  -2.1234,  -0.0271,   0.4721,   1.2580,
          -0.3949,   2.7537,   1.6805,  -1.3810,  -0.0312,   2.0418,
          -4.3966,  -1.0317,   0.8830,  -0.2048,  -3.6138,  -5.6584,
          -0.1198,   7.7594,  -0.5227,  -3.0962,   1.0352,  -0.2367,
          -3.5719,  -0.4982,  -1.9406,  -0.6408,  -4.4959,  -2.1049,
           1.0830,  -2.3084,  -1.4948,   0.5995,  -2.4038,  -3.7551,
          -2.1099,  -0.5861,   3.3000,  -1.6478,  -2.6100,  -1.9344,
          -2.7900,  -0.5361,  -1.6102,  -0.6895,  -2.3876,  -4.5269,
          -1.9505,  -2.3109,   3.9008,   4.6551,   0.6430,  -2.8107,
           1.4015,   1.9919,  -1.9984,   4.1196,  -3.0077,  -2.5249,
          -2.0646,  -2.4078,  -2.2481,  -1.0284,   1.9972,   0.3975,
          13.0206,  -2.0126,   0.8327,   0.5582,  -2.6304,  -3.3086,
          -2.0159,   0.1515,  -3.3151,  -2.6561,  -1.6357,  -1.1085,
          -2.3634,   1.6682,  -1.0296,  -4.0363,  -1.0103,   0.0802,
           1.4659,  -4.2823,  -0.3265,  -4.3161,  -3.8403,  -0.8005,
           3.2986,  -3.8211,  -4.0667,   1.2689,  -1.5257,  -3.8699,
           0.9232,  -0.5176,  -2.0729,  -0.2614,  -2.5583,   0.4881,
          -3.0482,   0.6798,  -2.5676,  -2.6296,  -2.7301,  -5.2122,
          -4.9943,  -3.3888,  -3.5434,   1.0210,   3.4057,  -2.0572,
          -2.9443,  -4.8263,  -0.8497,   3.5520,   3.1017,  -0.3177,
          -2.3352,  -0.7464,  -4.8213,  -3.5796,  -1.4932,   2.8254,
           0.7047,  -4.1077,  -4.7877,  -0.7509,   1.3330,  -1.6453,
          -0.1350,  -2.3764,  -3.1004,   0.5714,  -3.5550,   0.0827,
          -0.0601,  -0.4219,  -2.7195,  -2.9762,  -2.4191,   5.0176,
          -2.5152,  -1.1465,   0.1709,  -2.2584,  -1.0838,  -1.2069,
           0.8148,   4.8844,   0.6691,   2.2234,  -0.9239,  -0.1671,
          -1.4972,   0.5622,   0.5906,  -0.8122,   0.2212,   0.2378,
           1.1456,  -2.9876,  -3.8282,  -2.0138,  -2.9270,  -3.4132,
          -1.2237,  -0.4618,   1.0017,  -3.0683,  -0.1979,  -0.8258,
          -3.9179,  -0.0827,  -2.1388,  -1.0189,  -1.5288,   0.8540,
          -0.4347,  -4.2333,  -0.7710,  -0.9986,  -1.5511,   4.4648,
           0.0205,  -0.4172,  -2.3741,  -1.1428,  -2.0821,  -1.5873,
          -1.3622,  -0.4918,  -4.0729,  -0.4060,   2.1030,  -2.2327,
           4.9163,  -3.1308,  -3.0956,   1.6418,  -1.0657,  -1.0688,
          -0.7257,   0.0211,  -1.7268,   0.5006,   0.0355,  -0.5926,
           0.3380,  -1.0510,   0.0976,   1.3110]])

     MATCH:

       golden_retriever_01.jpg: 
Real:           golden retriever   Classifier:               golden retriever

                  taxi_01.jpeg: 
Real:                       taxi   Classifier:       cab, hack, taxi, taxicab

 NOT A MATCH:

                parrot_01.jpeg: 
Real:                     parrot   Classifier:                          macaw

                   dog_02.jpeg: 
Real:                        dog   Classifier: axolotl, mud puppy, ambystoma mexicanum

                   dog_01.jpeg: 
Real:                        dog   Classifier: cocker spaniel, english cocker spaniel, cocker

# Total Images 5 # Matches: 2 # NOT Matches: 3

     MATCH:

       golden_retriever_01.jpg: 
Real:           golden retriever   Classifier:               golden retriever  
PetLabelDog: 1  ClassLabelDog: 1

                  taxi_01.jpeg: 
Real:                       taxi   Classifier:       cab, hack, taxi, taxicab  
PetLabelDog: 0  ClassLabelDog: 0

 NOT A MATCH:

                parrot_01.jpeg: 
Real:                     parrot   Classifier:                          macaw  
PetLabelDog: 0  ClassLabelDog: 0

                   dog_02.jpeg: 
Real:                        dog   Classifier: axolotl, mud puppy, ambystoma mexicanum  
PetLabelDog: 1  ClassLabelDog: 0

                   dog_01.jpeg: 
Real:                        dog   Classifier: cocker spaniel, english cocker spaniel, cocker  
PetLabelDog: 1  ClassLabelDog: 1

# Total Images 5 # Matches: 2 # NOT Matches: 3

 ** Statistics from calculates_results_stats() function:
N Images:  5  N Dog Images:  3  N NotDog Images:  2 
Pct Corr dog:  66.7 Pct Corr NOTdog:   0.0  Pct Corr Breed:   0.0

 ** Check Statistics - calculated from this function as a check:
N Images:  5  N Dog Images:  3  N NotDog Images:  2 
Pct Corr dog:  66.7 Pct Corr NOTdog: 100.0  Pct Corr Breed:  33.3


*** Results Summary for CNN Model Architecture ALEXNET ***
N Images            :   5
N Dog Images        :   3
N Not-dogs Images   :   2
summary statistics (percentages) on Model Run
the percentage for pct_match is 40.0
the percentage for pct_correct_dogs is 66.66666666666666
the percentage for pct_correct_breed is 0.0
the percentage for pct_correct_notdogs is 0.0

INCORRECT Dog/NOT Dog Assignments:
Image dog incorrectly classified as axolotl, mud puppy, ambystoma mexicanum

INCORRECT Dog Breed Assignment:
Real:                        dog   Classifier: cocker spaniel, english cocker spaniel, cocker

** Total Elapsed Runtime: 0:0:0
