Argument 1: uploaded_images/
Argument 2: resnet
Argument 3: dognames.txt 

Command Line Arguments:
     dir = uploaded_images/ 
    arch = resnet 
 dogfile = dognames.txt
parrot
golden retriever
taxi
dog
dog

Pet Image Label Dictionary has 5 key-value pairs.
Below are 5 of them:
 1 key:                 parrot_01.jpeg  label:                     parrot
 2 key:        golden_retriever_01.jpg  label:           golden retriever
 3 key:                   taxi_01.jpeg  label:                       taxi
 4 key:                    dog_02.jpeg  label:                        dog
 5 key:                    dog_01.jpeg  label:                        dog
tensor([[  0.7399,   8.4608,  -2.7191,  -3.7772,  -3.7330,  -1.7705,
          -3.6128,   5.7058,   1.5738,   0.3814,   6.2639,  12.0487,
           9.6860,   0.5618,  14.2972,   4.3286,  10.2146,   9.6745,
           5.5986,   3.2441,   1.0328,   3.9019,  -1.4584,   1.8361,
           1.5996,   1.1188,   3.8172,   0.7195,  -1.1182,   4.0217,
          -1.7201,   1.8219,   0.5170,  -2.6098,  -2.2079,  -2.2029,
           1.7944,  -2.5104,   0.2183,   0.2457,   3.5024,   1.1768,
           8.3760,   0.4739,  -0.4795,  -3.1374,   2.7805,   6.4495,
          -3.3580,  -4.8318,  -3.4468,  -0.8597,  -0.6130,   0.4681,
          -2.9223,   0.4315,  -2.3054,  -0.0956,  -2.1414,   4.6789,
           0.0808,  -2.8775,  -0.6822,   0.0987,  -0.7629,  -1.2247,
          -1.3129,  -4.3477,  -1.4195,  -5.8899,  -0.7936,  -0.7638,
           7.9453,   8.2407,   7.2528,   3.9086,   0.4109,   2.1276,
           1.9458,  -0.0589,   4.3135,   1.0258,   3.7399,   0.4296,
           7.2909,   1.5259,   5.0046,   7.3929,  22.3433,   5.8101,
          16.2988,   6.0043,  18.5191,   7.3546,  15.4013,  15.1432,
          10.3102,   3.1705,   1.5830,   0.2700,   2.0456,  -2.1028,
          -5.8330,  -2.4902,  -3.7413,  -2.4930,  -3.8954,   1.0655,
          -0.0746,  -0.6547,   1.6823,   2.1393,  -1.2710,   3.5883,
           0.7332,   7.9334,  -1.5556,  -0.8277,  -1.0704,   1.9749,
           2.2666,   0.6325,   2.8826,  -0.9964,   4.7932,   1.4600,
           2.4430,   7.5065,  10.7000,   8.3150,   7.0226,   4.5432,
           3.6878,   1.8929,   5.3878,   2.6360,  10.9196,  -4.8043,
           1.7432,   0.9449,  -0.5313,   3.2068,  -3.7034,   3.0860,
          -1.6893,   0.3885,  -2.6378,  -4.1112,  -5.5266,  -1.0535,
          -6.4841,   1.0693,  -1.6640,  -1.3118,  -0.8745,  -2.1068,
          -0.4982,  -1.1287,  -0.2680,   0.3874,  -2.3707,  -1.8426,
          -2.5852,   0.9186,  -0.2064,   2.1490,   0.7366,  -1.0271,
           1.1954,  -0.3937,   1.1905,   2.7493,   0.1594,   2.1630,
          -2.2935,  -0.5205,   2.8175,  -0.5317,   1.7140,  -1.6846,
           0.0561,   1.1053,   0.9913,  -0.3972,  -0.3740,  -2.4244,
           1.0516,  -0.0815,   0.1941,   1.7443,  -4.1610,   0.5804,
          -0.5891,  -3.2585,  -1.4498,   1.0289,  -1.0184,  -2.7429,
           0.2659,  -1.4307,  -0.4035,  -2.1562,  -0.0721,   1.4427,
          -2.0764,   0.6504,   1.0092,   4.7010,   2.9923,   0.4649,
          -1.3462,   1.5917,   0.4940,   2.0588,   0.3041,   1.8505,
           0.7468,  -1.4103,  -0.2020,   0.0762,  -0.8271,  -1.4521,
           1.3630,  -1.6926,   1.0727,   1.2290,  -1.6658,   0.7678,
          -0.8780,  -1.8294,  -5.1749,  -3.2958,  -2.1999,  -1.1768,
          -0.0775,  -0.9858,   0.2018,   0.2580,   0.9724,  -2.0964,
          -0.3315,   0.5638,   1.5100,   1.3044,   0.2731,  -2.1846,
           2.2695,   0.3921,  -0.7024,  -2.2990,  -1.4908,  -0.3992,
          -0.2032,   1.2693,   2.3422,   1.1234,  -1.7353,  -0.8775,
          -0.7579,  -0.7294,   0.8693,  -2.0287,  -0.0037,  -0.6208,
          -2.4529,   1.0641,   1.1513,   3.1754,  -0.7882,  -0.9052,
          -0.5756,   0.9237,  -0.7353,  -1.0860,  -0.4525,   0.3479,
          -1.8137,  -0.1465,  -1.6792,  -6.3495,  -1.3214,  -1.1047,
          -2.5826,  -1.9213,  -2.9251,  -2.5506,  -0.9329,  -3.5969,
          -1.4240,  -2.0399,  -1.8356,  -2.3792,  -2.5945,  -0.9108,
          -2.4497,  -2.9176,  -3.6766,  -2.7650,  -5.0073,  -2.1853,
           5.3502,   5.2885,   4.0076,   4.5133,   6.7711,  -0.0885,
          -0.1970,   5.7185,   4.8809,   7.0218,   4.8700,   3.7645,
           1.6165,   2.4641,  -2.1306,   2.9326,   0.3788,   6.2736,
           2.8045,   8.8237,   7.9957,   5.4058,   1.0454,   6.4486,
           3.7548,   7.1359,   4.5926,   0.0727,  -2.7080,  -2.1146,
          -1.5779,   0.7306,  -2.6496,  -0.8124,  -5.6948,  -0.1131,
          -3.4975,  -4.6727,  -4.3526,   2.4927,  -2.3496,  -2.5372,
          -2.6635,  -5.9420,  -9.1071,   0.9977,  -3.3522,  -5.3499,
          -3.1084,  -2.3246,  -2.5824,  -2.0052,   1.0429,  -0.0419,
           2.1161,   0.5552,  -2.5041,  -2.9978,  -1.0711,   1.3982,
          -6.7062,  -2.8295,  -3.8126,  -4.5187,   0.1918,  -0.3736,
          -1.4301,  -2.4079,   2.0338,   0.4023,   0.4442,   0.6113,
          -1.0331,   2.0508,   2.1143,  -1.9326,   0.2493,  -0.4796,
           0.4569,  -0.4836,   1.3398,  -0.1148,   1.6787,  -4.3932,
          -0.6987,  -1.2827,  -3.2898,  -0.6372,  -1.9132,   2.0470,
           1.6218,  -0.1035,   4.9653,   0.3689,   0.0204,   2.0584,
           0.9706,  -0.8802,  -0.2602,  -0.2837,   2.7747,  -1.3827,
          -1.9509,  -2.4280,   1.5378,  -1.6633,   0.8351,   1.2125,
          -3.3490,  -0.2336,  -1.3842,   1.5398,   1.2782,  -1.2278,
           0.2014,  -4.8707,   5.4550,   4.4912,   1.5588,  -0.5094,
          -3.1970,   2.6415,  -1.3827,  -2.8568,  -1.2465,  -0.4737,
          -4.1527,   0.2808,   0.1506,   0.4056,  -2.5960,  -5.2903,
           0.9129,   1.9227,  -4.1353,  -1.9347,  -4.2872,   0.2650,
           0.3108,   5.6912,  -1.1994,  -1.3800,  -1.1082,  -1.8427,
           2.6195,   1.7842,  -1.7352,  -1.4458,   3.3212,   1.3923,
          -0.6679,   2.9960,   1.7910,  -0.9912,  -4.6742,  -2.1188,
           3.6392,  -1.9520,  -2.3790,   0.4971,  -2.0782,  -0.2303,
           1.4945,   3.0165,  -1.6168,  -1.8973,  -3.2984,  -3.0126,
          -4.4802,  -0.0999,  -1.6826,  -4.2787,   2.9208,  -0.9658,
          -3.3819,  -2.0070,   1.4098,   0.2212,  -1.2000,  -2.6094,
           0.2971,  -1.9538,  -3.2218,   0.6473,  -1.0780,  -2.9402,
          -2.0467,  -0.2593,   2.6186,   3.1706,  -0.9683,   1.4507,
          -3.0224,  -3.3319,   4.8403,  -5.0491,   3.0347,  -0.3409,
          -3.9279,  -2.3371,  -1.3717,   3.0489,   1.3121,   0.5229,
           0.4105,  -2.3796,   2.9210,  -0.7462,  -4.1533,   1.3879,
          -5.6004,  -3.0849,  -0.2427,  -1.1708,   1.6440,  -0.7244,
          -5.9858,   0.6017,   4.7652,  -1.9045,  -3.3412,  -2.8730,
           3.0606,  -0.6705,   1.3332,  -4.5291,  -1.3089,  -2.6396,
          -3.0104,  -1.8080,  -0.9532,  -0.3336,  -0.8902,  -1.9750,
          -1.4654,  -3.1660,  -1.9503,  -0.4635,  -2.5769,  -2.7265,
          -3.1541,  -0.0871,  -1.6253,  -1.7125,  -2.1719,  -1.4332,
          -1.2950,  -3.1357,  -3.3615,  -0.9217,  -5.5845,  -5.5111,
           6.4299,  -1.9541,  -3.0420,  -1.1270,  -1.9154,   7.3021,
           1.0269,   2.7527,  -0.4418,  -4.7195,   1.3082,  -2.3511,
          -4.9287,  -5.2009,  -1.1166,  -2.8512,   1.0734,  -2.8556,
          -0.9673,  -3.1120,   2.4155,  -0.5057,   3.0880,  -0.9017,
          -2.1256,   3.0792,   1.4536,  -4.3991,   1.6777,  -1.7507,
          -0.0562,   0.0301,   2.1511,   0.0625,  -1.9492,   0.2681,
           1.8527,  -2.2159,  -1.4294,   2.3266,  -1.9101,  -2.2998,
          -1.8653,  -1.1877,   1.6169,  -5.1741,  -2.3039,   1.1073,
           2.4260,   1.2461,   6.2607,   0.0503,   0.8781,  -4.7857,
          -3.2839,  -1.0319,  -0.3993,  -3.0208,   1.3703,  -1.1155,
           3.2633,  -0.6363,   2.0625,  -1.0610,   8.5665,   0.8179,
          -0.5345,   0.8562,  -2.8371,   2.2192,  -4.1748,   0.6135,
          -1.3893,  -3.5545,  -1.7867,  -4.2893,  -3.2848,  -2.5982,
          -4.1955,  -1.1265,  -1.2047,   0.6050,  -3.6344,  -1.9717,
           1.5097,   1.3024,   2.6692,   1.4324,  -7.1533,   3.5453,
           0.2942,   4.1231,   1.5919,   5.3464,   0.4990,  -1.0576,
          -2.1094,  -4.2687,  -1.7383,  -1.8467,   1.1273,   0.0171,
          -3.6012,   1.1896,  -3.4585,  -1.2085,  -0.8640,  -1.6178,
           0.2530,  -3.4855,  -2.9968,  -0.9276,   0.4169,  -1.6026,
          -4.2803,   5.0551,  -3.1134,  -2.9049,   0.4186,   6.0824,
           1.4578,  -1.7199,  -0.7457,  -4.0680,   3.9677,   1.0807,
           0.7846,   0.8828,  -1.1811,  -0.7392,  -1.3416,   0.5289,
          -1.1584,  -2.5765,  -1.2014,  -4.8128,  -0.8735,   2.1091,
           1.2691,   0.2899,   2.3985,   3.5816,  -1.2061,   3.0051,
           5.3645,  -2.1778,  -0.4393,   3.4215,  -0.2308,   9.0643,
           4.6107,   0.6406,   0.4447,  -2.9270,  -0.7158,   1.3217,
           2.2935,  -0.6478,   3.1030,  -2.5347,  -0.2931,  -0.9472,
           0.4312,   1.1057,   2.2708,  -2.3158,  -4.5838,   0.5556,
          -0.5664,  -0.4378,  -0.0724,   8.6178,  -0.2956,  -0.7179,
          -4.7652,  -0.5092,   3.0108,  -2.3909,   0.0695,   2.4663,
          -2.3779,   5.1138,  -4.0115,   3.6817,  -2.9250,  -0.2146,
           3.1759,  -1.1461,   1.3725,  -1.7217,  -0.1005,   0.3278,
          -0.6136,  -6.4895,  -3.6757,   2.9553,  -0.8555,   4.4875,
           0.9567,  -2.6269,   1.2721,  -2.5555,  -2.8916,  -6.1880,
           0.1622,  -4.4398,   3.2482,  -3.9254,  -3.6246,  -1.4058,
           0.1863,  -1.0942,  -1.3017,  -2.0051,  -2.6750,  -1.8412,
          -1.2237,  -0.9645,  -2.9251,  -0.1939,   0.9358,  -4.1840,
          -1.0302,   5.7205,  -1.1404,  -0.8359,  -2.2060,  -3.5929,
          -3.2308,   1.2589,   0.3438,  -2.2569,   2.2358,   0.5086,
          -2.8320,   2.6082,  -2.2556,  -2.2874,  -0.2451,   0.4524,
           1.4290,  -1.3468,   0.7365,   4.7009,   1.5418,   0.7844,
          -5.3729,  -2.7947,   0.3841,   2.2909,  -1.3967,  -4.5519,
           0.6198,   3.1559,  -1.5780,  -1.4169,   3.6028,  -2.3956,
          -2.0834,  -2.8377,  -4.2564,  -0.5797,  -1.7980,   4.9420,
           3.0356,  -1.3330,   0.2751,   0.6393,  -2.5753,  -1.5171,
           2.9352,  -0.9416,   3.1745,   0.7322,   0.1441,  -2.4014,
          -2.1632,  -2.0523,   0.6372,  -2.1293,   3.0403,  -2.5007,
          -1.0141,  -1.9503,   0.2086,  -1.7951,  -1.2997,  -1.1179,
           2.7976,   0.5028,   2.1690,   5.9578,   0.6615,   0.3500,
           0.7888,  -2.6785,  -2.4740,  -2.0112,   3.2989,   0.3860,
           1.6887,  -0.9091,   1.5389,   1.8070,  -2.8532,  -1.9753,
          -3.8655,  -1.7663,  -0.6458,  -0.8636,   2.7434,   0.2495,
          -2.4178,   2.2976,  -0.2538,  -1.3568,  -1.5885,  -0.1589,
           2.4592,   0.2769,   1.1602,  -2.4365,  -4.6780,  -0.7345,
          -1.0538,  -0.3380,  -2.9312,   4.1583,   4.0684,  -2.9557,
          -3.3852,   3.2290,  -3.2529,   1.8044,   1.1181,  -0.4966,
          -3.9210,  -2.1650,   0.6966,  -6.1304,  -0.3672,  -1.4602,
          -3.2785,   0.6735,  -0.8076,  -0.7314,   1.4875,  -0.2624,
          -3.5049,  -5.0580,   3.4340,   4.8407,   0.9777,  -1.0966,
          -2.2626,   2.2212,  -0.1643,  -1.9767,  -2.7058,   2.3627,
           5.7397,  -4.0772,  -4.8067,  -0.7896,   1.2098,   1.7799,
          -4.4397,  -1.5587,  -1.8390,  -0.6377,  -4.5090,   0.7640,
           0.6485,   0.7049,  -2.6345,   0.2272,  -3.1381,   1.1199,
          -2.4530,  -3.0962,  -3.7313,  -3.7192,  -2.8310,  -0.8463,
           0.2271,   0.3480,   0.0095,   0.2848,   2.2642,  -0.4415,
          -2.8518,   1.0641,   0.8343,   2.4282,   4.5809,   1.9209,
           2.2301,   3.7442,   0.0312,   1.8313,  -0.8592,   0.0917,
          -3.2132,  -2.9173,   1.1865,   1.1898,  -1.2065,  -2.2039,
          -3.4867,  -3.5144,  -1.4896,  -2.7071,   0.4039,  -2.8429,
           3.7700,  -4.6952,  -1.8943,   0.2985,   2.8988,   5.9399,
           5.0550,   3.5024,  -1.8923,   4.0471,  -0.6264,  -0.2629,
           2.3266,   1.5542,   1.7175,   0.7307,  -1.8783,   0.3445,
           2.1171,   4.2386,   5.4502,   0.5123,   0.4800,   7.2618,
          -2.3495,   2.4224,   2.7479,  -3.7327,   4.9978,   1.3382,
           0.6900,  -2.4958,   2.1932,  -3.1135]])
tensor([[  0.9019,  -0.4811,  -3.1067,  -4.8519,  -2.7193,   1.2382,
          -3.5424,  -1.4194,  -0.4408,  -5.2100,  -0.3460,  -3.1282,
          -2.2016,  -3.9085,  -1.6118,  -2.7226,  -3.2521,  -4.9068,
          -4.8751,  -4.4749,  -2.4019,  -2.3400,  -2.8419,  -2.4197,
          -1.3861,   0.3913,   1.4764,   0.5033,  -0.2646,  -0.7894,
          -4.1304,  -3.8930,  -0.9139,  -1.4056,  -0.6406,   0.3110,
           0.1463,  -2.5135,   0.0669,  -1.5758,  -2.4041,   0.8731,
           0.2358,   0.5851,  -0.2347,   0.0846,  -3.1869,  -1.0319,
           0.1447,  -3.9244,  -2.3016,   1.5160,   0.1088,  -0.4734,
          -2.6608,  -3.9207,  -1.4544,  -4.0876,  -2.9052,  -1.8958,
          -0.7864,  -3.0453,  -1.3600,   0.5095,  -1.2892,  -1.6347,
          -1.0235,  -2.0667,  -0.1642,  -4.2259,  -0.9707,  -1.6191,
          -2.0211,   1.6648,  -2.4668,  -2.2747,  -2.2300,  -3.3914,
          -0.6471,  -0.6764,  -0.7050,  -4.0607,  -0.7075,   0.2056,
          -4.8269,  -3.2176,   1.0488,   0.9425,  -1.4697,  -2.9510,
          -2.4892,  -1.4864,  -3.7587,  -4.2778,  -2.8911,  -1.0589,
          -3.0921,  -1.5332,  -0.5371,  -0.6383,  -4.1055,   1.4739,
          -1.3723,   0.0531,  -3.5811,  -2.6517,  -3.3019,  -3.9090,
          -2.3738,  -1.9957,  -2.1910,   0.3013,  -0.7271,   0.2768,
          -0.7061,  -2.7524,   0.3730,  -0.7014,  -0.5340,  -2.3017,
          -2.2507,   1.4433,  -0.0468,  -0.9679,  -2.3445,  -2.4210,
          -0.0034,  -3.9171,  -2.2100,  -1.9532,  -2.6190,  -4.8472,
          -5.6513,  -4.5212,  -4.3241,  -1.1602,  -0.9696,  -2.1168,
          -6.3041,  -3.3273,  -2.6081,  -2.2197,  -0.7336,  -4.4544,
          -2.5954,  -1.6950,  -2.0196,  -3.7291,  -3.7764,   0.0317,
          -0.3801,   3.3637,   3.4201,   5.2334,   6.1152,   3.8230,
           3.6741,  -0.1475,   2.8078,   7.0053,   6.2783,   3.4001,
           6.9484,   8.8140,   5.8251,   8.5496,   5.8757,   7.2789,
          10.0897,   1.0559,   3.9501,  -1.1935,  -1.1924,   0.5833,
           2.7331,   9.7835,   3.5520,   0.5812,   3.8516,   4.1590,
           3.6293,   5.7102,   7.7795,   4.3943,   6.6422,   7.0421,
           5.2833,   1.9091,   5.7576,   7.4704,   5.5607,   5.8391,
           2.1292,   3.5689,   8.6930,  -1.0688,   2.4547,   4.4222,
           3.6761,   1.7619,   8.3034,   2.5138,   8.5928,   0.9921,
           4.8479,   6.7520,   8.7316,  12.4183,  11.1454,   8.4509,
           4.0337,   7.5815,   5.7628,   5.1189,   6.5652,   5.2087,
           8.0127,  -0.2007,   2.3865,   7.6740,   7.9928,   7.3925,
           9.0885,   2.2300,   0.9088,   2.6068,   3.7418,   4.3115,
           6.1915,   4.7906,  -0.5892,   1.5123,   1.4026,   3.6823,
           6.2842,   2.6392,   2.9862,   2.1356,   4.4188,   4.5934,
           4.8041,   6.5193,   2.3639,   5.3763,   9.7172,   1.3048,
           1.6791,   4.6658,   1.2114,   1.2956,   1.2837,   2.1515,
           5.3348,   1.4363,   1.9384,   6.3942,   6.4559,   7.0262,
           1.4085,   1.9175,   6.3302,  -0.4033,   6.1773,   2.5283,
           3.3513,   7.1534,   8.3375,   8.1584,   2.1074,  -1.0797,
          -0.3897,   0.2673,  -0.0562,   4.9628,   1.0243,  -1.7088,
          -0.3149,  -1.0049,  -0.2875,  -1.1852,  -0.8444,   0.2826,
           0.3709,  -1.0435,  -0.8146,   0.0895,   0.3883,  -0.3697,
          -1.0587,  -4.0208,  -0.1812,   0.9115,   0.1209,   2.8286,
           2.4258,  -1.1541,   1.1564,  -0.6482,   2.3005,   1.2612,
          -2.3576,  -1.6837,  -0.3586,  -1.2432,  -1.6959,  -2.8613,
          -0.9882,  -3.0362,  -3.3662,  -1.5433,  -0.8898,  -0.7183,
          -1.6521,  -1.1327,  -1.0526,  -2.8199,  -2.9734,  -2.1436,
          -2.4397,  -1.3063,  -2.2924,  -4.1048,  -0.9882,  -0.8606,
          -3.9078,  -2.0849,  -1.0075,   0.4686,  -0.3773,  -1.4067,
          -0.6513,  -2.9527,  -0.2136,  -2.9646,  -1.0374,   0.7323,
          -1.4755,  -0.2537,  -0.2725,  -0.8560,  -3.2951,   1.3802,
          -1.0830,  -2.7089,  -3.6708,  -1.6185,  -3.3021,  -1.8767,
          -3.6760,  -3.0437,  -2.2103,  -1.7953,  -2.3438,  -2.2030,
          -0.2218,  -1.3406,   1.3588,   1.8135,   0.8860,   0.6465,
          -0.2157,  -0.3299,  -1.3266,  -0.6704,   1.0640,   0.9489,
          -0.8354,  -1.7597,   0.9678,  -0.2723,  -2.9940,   0.8207,
          -0.6634,  -1.4928,  -2.5297,  -4.8796,  -0.2131,  -0.1501,
           0.1988,   0.0674,   0.3478,  -1.9852,   0.0097,  -3.0211,
          -0.8487,  -0.1483,   2.2960,   1.4443,  -0.3029,  -0.2895,
          -0.7467,  -0.7528,  -0.3562,  -4.2876,  -1.3651,  -0.3471,
          -3.1551,  -2.0535,   1.3863,   1.0250,   0.2242,   0.5897,
           0.0616,  -3.0664,  -0.5579,  -0.8456,  -0.0672,   2.1828,
           0.2987,   1.8220,  -0.4998,  -0.2846,   1.6523,   0.5752,
          -2.6970,  -2.9115,   0.6538,   1.6941,   0.7767,   1.7957,
           1.1490,  -0.0122,   0.7625,  -1.7797,  -1.6495,  -3.6674,
           1.8636,   0.4643,   0.0613,  -1.2969,  -0.9087,   0.5181,
           0.7872,   0.0892,   1.7024,   2.0750,   0.2750,  -1.6417,
          -1.5718,  -0.1410,  -1.9141,  -3.2509,   1.1796,  -2.1799,
           0.4662,   0.1070,  -0.5950,   1.5957,  -1.0480,  -0.0707,
          -2.5011,   1.6350,  -0.9392,   0.6431,  -1.1859,  -2.5596,
          -0.4041,  -1.5281,  -2.5439,   0.9329,  -1.9246,  -0.2503,
           1.2969,   0.0228,  -1.7296,   1.9738,  -2.0929,  -1.6243,
           0.3736,   0.4363,   0.3430,  -1.3733,   2.1081,   0.3833,
          -1.5758,  -2.6350,  -1.8987,   0.1340,  -1.1883,   0.6298,
          -0.0977,   0.2650,   0.4717,  -2.2421,  -2.1605,  -1.9012,
          -0.2100,   0.6936,  -0.3901,  -1.4565,   2.3673,   2.1161,
           0.0294,   0.5378,   1.1708,  -1.5522,  -0.6036,  -1.7323,
          -1.4853,   0.1362,  -1.5963,  -0.7536,   1.5027,  -1.2455,
          -2.8416,  -0.9706,  -0.3804,  -0.0289,  -0.3439,  -1.2091,
          -0.4791,   0.8212,   0.9911,  -0.6881,   0.7540,   0.6241,
           2.7398,   0.1596,  -1.6255,   1.8581,   0.0958,  -0.7090,
           2.1339,  -1.3630,   0.0817,  -2.3910,  -0.0500,  -0.4607,
          -1.3737,  -0.4646,   1.4042,   1.6897,  -0.4496,  -0.7050,
           1.6730,  -3.2729,  -1.0671,   1.4256,   0.1675,   3.0041,
           0.4621,   0.8581,   1.0210,   2.3989,  -0.1421,  -0.8659,
          -0.4080,  -3.7415,  -0.0959,  -1.2264,  -0.5793,   1.5938,
           0.4159,   0.3643,  -3.4462,  -1.1780,   2.4237,  -1.7377,
           0.0662,   2.0382,  -4.5341,  -2.1157,  -2.6845,  -2.1823,
           0.0295,  -3.0369,  -1.6947,   2.7869,  -1.2892,  -2.4252,
           0.1122,  -2.0530,  -0.5748,  -1.0793,   2.2828,   0.2262,
          -0.4500,   2.0107,  -1.4299,  -1.0183,  -1.6358,  -2.4866,
           0.3333,   0.6123,  -0.5643,  -0.2028,  -2.3459,   1.1938,
           4.4321,   1.6585,   2.8611,  -0.5034,  -1.1965,   1.6049,
          -0.1315,  -1.3223,   1.5387,  -2.9598,  -1.0678,   2.6393,
           0.4060,  -0.3047,   0.2367,  -2.5867,  -0.3616,  -2.5941,
          -2.7446,  -0.7013,  -1.6028,   1.8186,   1.9239,  -1.2922,
          -0.2864,  -0.4026,  -1.5470,   1.3087,   0.3653,  -1.4515,
           0.8937,  -0.1199,   0.9420,   0.6092,  -2.5118,   1.8462,
          -0.7126,  -0.3322,  -0.8260,   1.3747,  -4.7473,  -0.8133,
           0.5939,  -0.2464,  -0.5792,   1.7673,   0.4736,   0.3572,
           1.0934,  -2.7788,   0.4427,   2.6296,  -0.1188,   4.4415,
          -0.6023,  -2.0268,   2.4929,   0.1870,   2.0908,  -0.2836,
          -0.1110,  -2.6661,   0.5018,   0.9716,  -1.9518,   0.7805,
          -0.1225,  -0.7295,   0.2018,  -1.3107,  -1.2222,  -0.5647,
           2.3844,  -2.3090,   1.3500,   0.3894,  -1.5120,  -1.0236,
           2.0397,  -0.4218,  -1.4066,  -1.2604,  -2.0572,  -1.9732,
           0.7047,   0.2110,   2.5836,   0.9016,   4.4771,   0.4107,
           1.8707,  -1.6200,   3.3586,   0.9400,  -0.9953,   1.9813,
           2.6645,  -1.9731,   0.9253,  -2.2597,  -0.8698,   0.4265,
          -1.2738,   1.2878,  -0.1870,   3.8661,  -2.1071,  -1.3439,
          -0.7560,   0.5887,  -0.7112,   1.7705,   1.6196,  -1.1919,
           0.2972,  -0.0626,  -2.0795,  -0.8860,   0.8246,   0.1214,
           1.2743,  -3.9172,   2.2320,  -3.1732,  -0.2848,   0.8012,
           0.8960,  -0.8819,  -1.5014,  -0.5103,  -1.3382,  -0.3348,
          -1.2822,  -1.4140,   1.6989,  -0.8471,  -0.3769,  -2.5984,
           0.7676,   0.5736,   0.8140,   0.4222,  -2.6999,   3.3838,
          -1.6635,   0.6538,   0.7531,  -0.2161,   2.5756,  -1.9616,
           0.0317,   0.8404,   1.8449,   1.1104,  -1.2623,   1.3184,
          -0.4940,   1.4872,  -0.5158,   0.2855,  -1.6269,  -0.8144,
           1.0997,  -2.4312,  -1.0122,  -0.6497,  -0.0497,   0.0441,
           0.1376,  -1.4644,   1.2041,  -2.1996,   0.0389,   0.3937,
          -0.4211,  -0.6244,   0.0098,   2.8004,   0.3437,   1.6310,
          -1.2509,  -0.3244,  -3.2372,   0.2394,   0.3565,   0.2954,
          -1.7788,  -0.6163,   0.0028,  -0.8205,   0.8431,  -0.4232,
          -0.8477,  -0.8556,   1.7829,  -0.7585,   1.7532,   3.1121,
          -1.4596,   0.0407,  -1.0909,   1.5202,   1.7082,   1.5284,
           1.9165,  -0.0094,  -0.3467,  -2.0217,  -0.3322,   0.4907,
           0.9590,  -1.0389,   0.8516,  -3.0938,  -2.7222,  -2.1931,
          -0.9430,   3.3840,  -0.2410,   0.8043,   1.7925,  -2.3813,
           0.2007,   3.4227,  -0.6477,   2.4059,  -0.9319,  -1.1816,
          -1.8254,  -1.3339,  -0.3307,  -0.4331,  -3.9397,  -1.0446,
           0.0034,   0.5337,   0.1982,  -0.7093,   0.8599,   1.4094,
           1.0314,  -2.5077,   2.3951,   4.6120,  -1.8539,  -3.5814,
           0.9437,  -1.9288,  -0.2482,  -1.7469,   0.1185,  -3.2719,
          -0.6091,   0.6337,  -0.4547,   1.4538,   0.8752,  -1.4228,
           1.9638,  -1.8692,   0.7302,  -3.7806,   2.5926,   1.8706,
           3.9324,  -1.7122,  -0.5301,   1.2868,  -0.4071,   0.9610,
          -0.9825,  -1.0127,   1.8127,   1.5272,   0.3931,  -3.0431,
          -0.9444,   2.9300,  -1.6723,  -0.5361,  -0.8671,   0.6664,
           0.2255,  -2.4830,   2.1587,  -2.1750,  -3.4157,  -0.9480,
           2.3926,   0.0262,  -1.3226,   0.8793,   0.8985,   0.6469,
          -0.3827,  -1.4865,   0.9843,  -0.3875,  -2.4979,  -2.8321,
          -2.6172,  -0.9022,  -0.5302,   3.0930,   1.7420,  -1.4250,
          -4.1038,  -2.6306,  -0.8659,   0.8475,   0.2498,   0.5280,
          -2.6342,   0.2242,   1.3880,   0.6349,   2.0231,   0.9543,
           0.9819,  -0.8794,  -1.1162,  -0.9001,   0.7651,   0.9214,
           0.7835,  -3.2649,  -1.8029,  -0.1635,   0.6511,  -0.7385,
           1.1355,  -1.1970,  -2.3606,   0.4455,  -4.4783,   0.3764,
          -3.2704,  -0.8998,   0.5172,  -0.9816,  -3.3944,   0.9921,
           1.6532,  -0.1847,  -1.6476,  -3.2590,  -0.9912,  -0.8168,
           0.7043,   0.1715,   0.2704,   1.3438,   3.2778,   0.2960,
           1.9508,  -0.9564,  -1.2708,  -0.6823,   0.9362,  -1.3053,
          -0.2136,  -0.2663,  -2.2453,   0.0637,  -0.7308,  -0.1354,
          -1.2367,   0.5846,   1.3697,  -3.6784,  -2.3656,  -0.6919,
          -0.8459,  -1.6245,   0.5913,  -3.2896,   1.0402,  -2.6255,
          -1.4661,  -3.7491,  -2.0883,   1.7989,  -2.0973,  -0.4665,
           0.0661,  -1.8283,  -2.7454,   1.4569,  -0.0211,   0.8942,
           0.6635,   0.0452,  -2.7122,  -2.9450,  -2.3577,  -4.1339,
          -2.3215,  -0.7666,  -2.0021,   1.8454,  -1.7791,  -1.0747,
          -1.2820,  -1.6299,  -2.6285,   0.2969,   0.5262,   2.4344,
           1.8359,  -1.3647,   2.4135,   0.0398]])
tensor([[-4.2935e+00,  7.3552e-01, -2.9552e+00, -6.0507e+00, -1.6922e+00,
         -2.8061e+00, -4.5242e+00,  1.3661e-01, -9.8283e-01, -2.2979e+00,
         -2.9270e-01, -1.3965e+00, -3.5390e+00, -4.8776e+00, -5.9288e+00,
         -1.4672e+00, -3.4743e-01, -2.0957e+00, -1.3224e+00, -3.4312e+00,
         -3.2281e+00, -1.8249e+00, -2.5270e+00,  9.0858e-02, -1.1782e-01,
          4.6356e-01, -2.9729e+00, -1.2647e+00, -1.0834e+00, -2.3740e+00,
         -2.3559e+00, -1.1979e+00, -1.8276e+00,  1.5244e+00,  1.1327e+00,
          3.4794e+00,  2.6899e+00,  2.4213e+00,  5.6020e-01, -4.0848e-01,
         -2.4973e+00,  1.1368e-01, -1.8298e+00, -1.9829e+00, -1.9383e+00,
         -1.2724e+00, -1.7133e+00, -2.8516e+00, -1.0390e-02, -3.4888e+00,
         -2.8698e+00, -1.0651e+00, -2.4941e+00, -3.8883e-02, -2.7443e+00,
         -1.6304e+00, -8.1638e-01, -9.1240e-01, -3.1059e+00, -3.8396e-01,
          3.7243e+00, -1.9860e+00,  6.5123e-01, -2.5271e+00, -2.2525e+00,
         -5.3967e-02, -1.5103e+00, -1.7232e+00, -1.4944e+00, -2.7319e+00,
         -2.8352e+00, -2.0364e+00, -6.2849e-01, -1.4168e+00, -9.3833e-01,
         -4.1840e+00, -1.0985e+00, -1.8033e+00, -3.9083e+00,  5.7082e-01,
         -3.4988e+00, -2.0654e+00, -3.6710e+00, -1.1926e+00, -2.3645e+00,
         -2.6624e+00, -1.9953e+00, -2.1588e+00,  1.2880e+00, -4.0301e+00,
         -1.3340e+00, -4.2214e+00, -2.2655e+00, -2.1573e+00, -1.7856e+00,
         -3.6084e+00,  3.5785e-01, -2.2466e+00, -3.3479e+00, -9.1507e-01,
         -4.2937e+00, -1.9420e+00, -2.4188e+00, -5.2662e+00, -4.2916e+00,
         -3.3082e+00, -2.6621e+00, -1.7690e+00, -1.1912e+00, -3.8014e-02,
          6.7676e-01, -1.5135e+00, -9.0931e-01, -4.2112e-03, -2.2771e+00,
         -2.1141e-01,  9.5124e-01, -2.6975e+00,  7.7412e-02, -3.7899e-01,
         -9.4374e-01, -2.0368e-01, -9.5978e-01, -9.6832e-01, -1.8394e+00,
         -1.9029e+00,  6.1486e-01, -5.2773e+00, -3.0500e+00, -3.6179e+00,
         -3.8248e+00, -4.0514e+00, -1.8310e+00, -1.9481e+00, -2.5349e+00,
         -1.2950e+00, -1.8008e+00, -8.0603e-01, -4.3226e+00, -3.1416e+00,
         -3.5194e+00, -3.7394e+00, -3.4175e+00, -2.2392e+00, -9.2673e-01,
         -4.0774e-01, -2.7224e+00, -9.3239e-01,  1.5816e-01, -1.0030e+00,
          1.6557e-01, -1.5999e+00, -7.1613e-02, -5.6054e-01,  4.8491e-01,
          1.0552e+00, -1.6330e+00, -1.5210e+00, -2.8922e+00,  1.7333e+00,
          7.7518e-01,  2.6625e-01,  2.5460e+00,  7.4280e-01,  2.4241e+00,
         -4.7447e-02,  1.3454e+00,  2.4282e+00,  2.0958e+00, -2.4380e+00,
          1.6506e+00, -2.1929e+00, -2.3752e+00, -8.0959e-01, -7.1425e-01,
          5.2162e-01,  2.4478e-01, -6.6360e-01,  5.7868e-01, -1.3527e+00,
         -4.9110e-01,  2.1569e+00,  3.0376e-01,  1.3719e+00,  1.0486e+00,
          9.3809e-01, -2.1838e+00, -6.8324e-01,  5.0523e-01, -8.4959e-01,
          6.9396e-01, -7.8302e-01, -1.3593e+00, -1.6655e+00,  1.5632e-01,
         -1.1091e+00, -5.8852e-01,  2.9802e-01,  2.5672e-01, -2.4131e+00,
          6.7473e-01, -7.9870e-01,  3.0533e+00, -1.1426e+00,  6.1971e-01,
         -5.9239e-01, -1.0873e+00,  8.7270e-02,  1.2102e+00, -3.9388e-01,
          2.3884e+00,  7.7827e-01,  1.2426e-01, -8.5710e-01, -1.9236e+00,
         -1.2730e-02,  1.1384e+00, -9.7488e-01, -2.3392e+00, -1.3670e+00,
          7.3180e-01, -1.0603e+00, -4.8543e-01, -2.2564e+00, -2.7166e+00,
         -3.7853e+00, -8.8100e-01, -3.4248e+00,  1.6426e+00,  1.7716e+00,
         -2.8826e+00, -1.6280e+00, -1.8157e+00, -7.3862e-01, -1.3360e+00,
         -2.4336e+00, -1.4187e-01, -1.4860e+00,  2.6855e-01, -2.4252e+00,
          4.0490e-01, -2.4597e-01,  9.1927e-01,  1.4955e+00,  6.2974e-02,
         -2.0146e+00,  1.6507e+00,  1.8268e+00, -6.3238e-01, -2.5926e+00,
         -2.8351e+00,  1.9919e+00, -1.3092e+00, -1.2215e-01,  1.4753e+00,
          1.4490e+00, -8.4436e-01,  3.4490e-01, -4.0545e+00, -3.9873e+00,
         -2.5051e+00, -2.1838e+00,  3.5846e-01, -3.7653e+00, -3.5330e+00,
         -7.1616e-01, -9.7220e-02, -1.7711e-01, -6.7639e-01, -3.5789e+00,
         -3.7660e+00, -5.0978e+00, -1.3777e+00,  4.8706e-01, -1.6126e+00,
         -1.1143e+00, -2.4953e+00, -1.5723e+00, -9.4947e-01,  3.9039e-01,
         -1.6815e+00, -1.6505e-01,  1.0828e+00, -3.4837e-03, -5.2307e-01,
          5.3666e-01, -5.3861e-01, -2.3366e-01,  1.2778e+00, -2.7773e-01,
         -1.5706e+00,  7.9157e-01, -1.4203e-01, -1.0805e+00, -3.6185e+00,
         -3.8562e+00, -1.8028e+00, -4.7466e+00,  1.5586e+00,  2.5951e+00,
         -4.8757e+00,  8.0209e-01, -4.1358e+00, -2.6782e+00, -1.1258e+00,
         -3.2614e+00,  1.4039e-01, -4.2437e+00, -3.3284e+00,  2.6990e-03,
         -1.1886e+00, -1.4396e-01, -2.1520e+00,  8.9281e-01, -1.1752e+00,
         -2.2208e+00,  1.1550e+00, -1.8957e+00, -3.6097e+00, -8.2426e-01,
         -3.7273e+00, -1.0152e+00, -3.8193e+00, -1.3969e-01, -3.6142e+00,
         -2.8855e+00, -2.3078e+00,  2.8747e-01,  7.8147e-01, -2.6533e+00,
         -2.6625e+00, -5.5315e-01, -5.3040e-01,  6.4638e-01, -2.5383e+00,
          2.2404e-01, -6.7585e-01, -1.4232e+00, -1.7784e+00, -2.6656e+00,
          3.1756e-01,  5.7195e-02, -1.7521e+00, -3.1970e+00, -3.4825e+00,
         -1.3817e+00, -1.9951e+00, -2.1164e-01, -2.7537e+00, -6.9276e-01,
         -1.2834e+00, -3.8498e+00, -3.0591e+00, -1.7535e+00,  3.0077e+00,
          8.8359e-02, -8.0295e-01, -2.6657e-01, -1.1245e+00,  8.5620e-03,
         -1.8679e+00,  1.1565e+00, -1.7280e+00, -1.0601e+00,  9.8256e-01,
         -2.4142e+00, -6.1302e-01, -3.3387e-01, -2.5488e+00, -2.3476e+00,
         -1.2264e+00, -6.4616e-01, -1.7740e+00,  3.3208e-01, -1.6312e+00,
         -4.1349e+00, -2.5979e+00,  1.6394e+00, -1.2589e+00, -3.8292e+00,
          7.3760e-01, -2.7029e+00, -6.3705e-01,  1.3157e-01,  1.0948e-01,
          9.1043e-01, -9.0685e-01, -4.2654e+00, -1.5765e+00, -4.0396e+00,
          5.4105e-01, -2.4419e+00, -3.2544e-01, -1.0410e+00, -3.0252e+00,
         -4.4186e+00, -1.4821e+00, -2.8501e+00,  8.8486e-01,  1.0492e+00,
          1.5847e+00,  8.4960e-02, -5.1687e-01, -1.9460e+00,  2.8534e+00,
         -7.6043e-01,  1.6577e+00,  9.0970e+00,  4.3169e+00,  4.3425e+00,
          2.4144e-02, -3.9290e-01,  6.4820e+00, -1.7060e+00,  1.6778e+00,
          4.6142e+00, -1.6656e+00,  2.3981e+00,  1.7902e+00,  1.7889e+00,
          2.0559e-01,  2.8246e+00, -3.7863e+00,  3.5998e+00,  3.5204e+00,
         -9.1945e-01, -5.6254e-01,  4.9798e+00,  2.4321e+00, -1.9814e-01,
         -2.8022e-01, -8.6006e-01, -1.5748e+00, -7.0312e-01, -2.3637e-01,
          9.4442e-02,  1.2403e+01,  7.7691e-03, -3.7343e-01,  2.0544e+00,
          1.9242e+00,  1.7891e+00,  1.0667e+00, -2.2769e+00,  6.9730e-01,
          1.4207e+00,  2.6428e+00,  7.8170e-02, -1.6209e+00,  1.6998e+00,
          1.5093e+00,  1.0991e+00,  6.9530e-01,  1.3591e+00,  5.9650e+00,
          3.1122e+00, -4.8584e-01,  3.6468e+00, -1.0578e+00,  6.6509e-01,
         -1.1843e+00, -1.0188e-02,  1.1482e+00,  4.3872e+00, -6.2856e-01,
         -1.4726e+00,  3.6803e+00,  3.6594e+00,  1.8929e+01,  1.5192e+00,
          1.1493e+00, -4.3878e+00,  3.5395e+00, -1.5491e+00, -3.0063e+00,
          5.0212e+00,  1.6129e+00, -1.4871e+00,  4.9876e+00,  9.6413e+00,
          3.0415e+00,  4.2483e-01,  1.6782e+00,  1.9833e+00, -1.4955e+00,
         -1.3138e+00,  1.4116e+00,  2.0950e+00,  3.1220e+00,  2.0854e+00,
         -1.1930e-01,  8.6820e-01,  2.7715e+00,  8.8952e-01, -1.2785e+00,
         -1.9797e+00, -2.2006e+00,  4.4731e+00,  4.4340e+00, -2.5166e+00,
         -2.3177e+00,  1.1809e+00,  4.0359e+00,  6.2776e-01, -1.1776e+00,
         -2.2846e-01,  1.0306e+00,  5.3135e-01, -5.4022e-01,  5.3006e+00,
         -4.7439e-01,  5.4530e+00, -4.5859e-01,  2.7950e-01,  2.4431e+00,
          1.9371e+00,  1.5330e+00,  2.8239e+00,  3.9686e+00,  5.7796e+00,
         -4.0452e-01, -3.6438e-01,  2.0905e+00,  4.6737e+00, -1.8346e+00,
         -2.9417e+00,  6.8215e-01, -5.2331e-01,  3.8421e-01,  1.1390e+00,
          3.2641e+00,  3.4774e+00, -8.5945e-01, -3.7578e+00,  5.9322e-01,
         -2.4980e+00,  1.8414e+00, -9.2430e-01,  2.1659e+00, -5.0696e-01,
         -1.6739e+00,  1.9642e+00,  1.2580e+00, -1.6390e+00, -1.9042e+00,
         -3.0123e-01, -1.2449e+00,  4.4652e-01,  1.6518e-01, -7.1398e-01,
         -3.1979e+00, -2.0632e+00,  2.7100e+00,  2.9722e+00, -2.3172e+00,
          3.4772e+00, -5.7113e-01,  5.1843e-01, -8.8920e-01,  2.1111e+00,
         -7.3774e-01,  3.0452e+00,  4.8197e+00, -3.7080e-02, -1.6645e+00,
         -8.5163e-01, -1.2610e+00,  2.2617e-02,  2.9108e+00,  6.5057e+00,
          7.0983e-01,  4.1623e+00, -1.8387e-02,  1.6653e+00, -3.4378e-01,
          4.1254e-01,  3.2876e+00,  3.1741e-01,  1.8267e-01,  2.6830e+00,
         -1.5626e+00,  9.0550e+00,  6.5357e+00, -3.8571e-01, -2.3421e+00,
         -6.6390e-02, -5.8517e-01,  8.2578e-01,  2.1729e+00, -9.4729e-01,
         -3.0973e-01, -1.0405e+00,  6.0688e-01,  1.5463e+00, -1.1826e+00,
         -1.5324e+00, -1.4074e+00, -3.6270e+00, -2.5513e-01,  3.0286e+00,
          1.7428e+00, -1.2669e+00, -1.0585e+00,  2.4848e+00, -7.0417e-03,
         -2.5680e-01,  2.3181e-01,  2.0859e+00,  1.6197e+00,  2.0519e+00,
          3.4446e-02,  5.1356e-01,  5.7366e+00,  7.1839e-02,  1.1105e+00,
         -9.8561e-01,  2.8244e+00,  5.0842e-01,  6.4124e-01,  4.1937e-01,
          5.5167e-01,  9.0974e-01, -3.1539e-02, -1.2381e+00,  5.2467e+00,
          5.1501e+00,  1.2453e+00,  1.1295e+01, -1.9104e+00, -1.1931e+00,
          1.7686e+00,  7.1536e-02,  8.2806e-01,  1.5443e+00,  1.4046e+00,
          9.6037e-01,  3.7558e+00,  3.7392e+00,  9.5966e-02,  8.5203e-04,
         -1.6770e+00,  2.8750e+00,  1.8307e-02,  1.7097e+00,  6.7772e-01,
          2.8472e+00,  8.3199e-01, -9.8322e-01, -1.5373e+00, -1.9571e+00,
         -1.5133e+00, -1.3871e+00,  9.3760e-01,  5.5704e-01,  8.2932e+00,
          3.2722e+00,  1.1221e+01, -1.4423e+00, -3.2975e+00,  1.2949e+00,
          3.0516e+00,  7.6084e-01, -2.8944e+00,  1.5099e+00,  2.5262e+00,
          2.0374e+00, -9.7845e-01,  1.6348e+00,  1.1239e+00, -7.0125e-01,
          3.5051e+00, -9.2261e-01,  2.5571e+00,  1.4458e+00, -4.4837e-01,
          7.8552e+00,  5.7045e-01,  1.6268e+00,  7.2520e-01, -2.5658e+00,
         -6.8162e-01, -8.6648e-01,  2.3008e+00, -7.9825e-01,  9.4990e-01,
         -1.7312e-01,  1.0840e-01,  2.0725e+00,  1.1708e-01, -3.1603e+00,
         -7.2001e-01,  4.5248e-01,  2.2688e+00,  1.2115e+00, -8.3660e-01,
          8.4121e-01,  2.6926e-01,  2.7597e-01,  2.2749e+00,  1.9974e+00,
         -5.7539e-02, -1.4468e-01, -1.0700e+00,  1.1745e+00,  8.3820e+00,
          5.7470e+00, -2.8673e+00,  2.7005e+00,  6.9806e-01,  8.4894e-01,
          1.6669e-01,  2.4297e+00, -5.0003e-02,  6.0104e-01, -1.6859e-01,
         -1.0118e+00,  8.2005e-01,  8.1815e+00,  1.0094e+00,  1.1595e+00,
          1.9167e+00,  1.3838e-01,  4.0670e+00,  5.5274e-01,  4.9818e-01,
         -2.6854e-01, -3.5518e+00,  1.0569e+00,  2.3714e+00, -6.5692e-01,
         -3.0240e-01,  1.9179e+00, -7.0813e-01,  2.5313e+00,  1.0531e+01,
         -7.4046e-01,  5.6712e+00,  8.1758e-01, -1.3102e-01, -2.0689e+00,
         -2.4430e-01, -2.0484e-01,  9.1706e-01, -4.4983e-01, -2.7738e-01,
         -4.8441e-01,  4.1261e-01,  1.8222e+00,  9.9840e-01,  2.1902e+00,
          2.0265e+00,  6.7305e+00, -1.7610e-01,  7.8634e-02, -3.4854e-01,
         -3.5057e+00,  1.9755e+00,  7.0291e-01, -1.0872e+00, -1.6332e+00,
          8.1702e-01, -1.5595e+00,  2.7478e+00, -1.6699e+00, -2.4082e+00,
          6.7367e-01, -1.4914e+00,  2.5889e+00,  1.4770e+00,  1.9553e+00,
         -1.4262e-01,  1.0589e+00,  4.6613e-01,  3.1181e-01, -3.8321e-02,
         -9.9076e-01,  3.5780e-01, -3.2797e+00,  1.7665e+00,  8.5795e+00,
         -6.4295e-01, -6.9007e-01,  4.8996e+00, -1.0876e+00, -1.0947e+00,
          6.4209e-02, -1.9739e+00, -2.0040e+00,  1.5246e+00, -7.4795e-01,
          5.2978e+00,  4.6114e+00,  9.4577e-01, -6.8050e-01, -9.8954e-01,
         -4.2248e-01, -6.7062e-01, -8.3676e-01, -2.8431e+00,  1.6886e+00,
          7.2993e+00, -8.9539e-01,  1.0287e+00,  6.1241e+00, -2.4994e-01,
          3.1255e+00, -2.2195e+00, -1.9998e+00,  2.8820e+00, -1.3076e-01,
         -2.4528e+00, -8.5699e-01, -1.6201e+00, -2.8582e+00,  4.2267e+00,
         -1.1292e+00, -5.3476e+00,  8.4764e+00,  3.8067e+00, -6.8203e-01,
         -2.0517e+00,  1.7651e+00,  4.4942e+00,  5.1191e-01, -4.0318e-01,
         -3.0190e-01,  2.4113e+00, -1.8819e+00, -9.8383e-02,  4.4548e+00,
          3.6808e+00,  5.2434e-01, -3.1229e-01, -1.4945e+00,  1.6608e+00,
          3.0064e-01,  2.7955e+00,  3.0311e+00,  2.8217e+00, -1.0139e+00,
          6.1290e-01,  3.2413e+00, -5.4538e-01,  2.0157e+00,  6.4480e-01,
         -6.5280e-02,  7.8560e-01, -2.3177e+00,  2.6135e-01,  5.7051e-01,
          2.0463e+00,  4.2665e+00,  9.0739e-01, -1.5567e+00,  4.9517e-01,
         -2.7577e-01, -9.0157e-01,  1.5093e+00,  1.5046e-01,  1.8675e+00,
          6.2317e+00,  9.2303e-01,  2.9738e+00,  1.0205e+00,  7.8321e+00,
          6.1583e+00,  9.7801e-02,  3.1044e+00,  2.4461e+00,  2.0647e+00,
          2.2928e+00, -5.9426e-01,  1.8399e+00,  1.3107e+00,  5.5837e+00,
         -1.3692e-01,  1.6362e+00, -4.1987e-01, -2.4791e+00,  5.6784e+00,
          2.9437e+00,  1.4209e+00,  4.2851e+00, -5.1611e-01,  1.7189e+00,
          2.5760e-03,  1.6254e-01, -6.7880e-02,  2.5233e+00,  7.4150e-01,
          2.0374e-01, -7.3926e-01,  1.7075e+00, -4.8240e-01,  1.0214e+00,
          4.2654e-01,  5.0556e-01,  2.5477e+00,  1.8698e-02,  1.5425e+00,
          9.0845e-01, -6.4319e-01,  2.5394e+00, -1.0622e+00,  9.1525e-01,
         -2.2210e-01,  1.3902e+00,  1.8933e+00,  4.9394e-02, -2.1975e+00,
         -1.8349e+00, -1.1640e+00,  1.0493e+00, -1.7222e-01, -1.2448e+00,
         -1.4477e+00,  2.0262e+00,  2.9884e+00,  1.4623e-01,  6.8179e+00,
          7.4883e+00,  2.3582e+00,  1.0148e+00, -1.0997e+00, -1.2604e+00,
         -1.5818e+00, -6.0835e-01, -1.9449e+00, -5.1825e-01,  7.4348e-01,
          1.0952e+00, -6.5763e-02,  4.4062e+00, -1.9222e+00, -9.3970e-02,
         -2.3379e+00, -1.8050e+00, -2.6366e+00,  1.0059e-01, -3.7498e+00,
         -8.0372e-01, -1.4995e+00, -8.6582e-01, -2.3573e+00,  1.0058e+00,
          6.4100e-01,  3.3369e-01, -2.1146e+00,  1.5803e-01, -3.4384e-01,
          3.0395e+00,  6.1081e-01, -1.3672e+00,  1.4495e+00,  2.0126e+00,
         -4.3284e-01,  1.0686e+00, -5.6680e-01,  5.6131e-02, -4.6029e+00,
         -9.7836e-01,  8.2703e-01, -9.0618e-01, -4.0181e+00, -9.3744e-01,
         -1.3235e+00, -1.0365e+00, -2.8068e+00,  1.5671e-01,  1.6970e-01,
          6.2033e-02,  2.5341e+00, -1.5716e+00, -5.6538e-01, -6.0849e-01,
          2.0929e+00, -7.3448e-01, -1.9323e-01,  2.9177e+00, -2.8366e-02,
         -1.9627e+00, -1.5446e+00,  3.9082e+00, -1.4458e+00, -1.5261e+00,
         -1.2350e+00, -3.4423e+00,  2.0959e+00, -2.5318e+00, -8.0773e-01,
         -1.3812e-01, -3.2323e+00, -1.9152e+00, -4.5818e+00, -4.2779e+00,
         -1.8831e+00, -3.4964e+00, -3.2834e+00,  2.3778e+00, -3.8471e-01]])
tensor([[ 3.0978, -0.5824, -1.7285, -1.7829, -1.8737,  1.4726, -0.3723,
         -0.7928,  1.0534,  2.7882,  0.4945,  1.9093,  1.5581, -2.1147,
         -0.9486, -0.5058,  1.0034, -0.2877, -5.3244,  0.7025, -0.7716,
          2.3873, -2.2118,  0.1373, -0.0832,  0.0632,  2.8469, -0.8077,
         -1.5841,  3.5149,  0.7335,  0.1745,  3.6333,  2.1741,  1.4239,
          1.3430,  3.0848, -1.7677,  2.3954,  1.1737, -0.4962, -1.1056,
         -1.0661,  2.0362, -1.7315, -1.1214, -1.4725,  3.0240, -0.2165,
         -1.7846, -0.4311, -0.3026, -0.0705, -3.5625, -1.3340, -1.6652,
         -3.4786, -3.0426, -1.1022,  0.8273, -0.7367, -0.4905,  0.7088,
          1.6259, -0.2972,  0.9790,  1.2906, -0.8968, -0.0862, -2.6024,
         -1.1824,  0.5323, -0.4355,  4.5630,  1.6411, -2.4554,  2.6905,
          0.7529,  2.5356,  0.4144, -1.2828, -4.3049, -0.1560, -0.3185,
         -0.2957, -0.5018,  0.2616, -0.6723,  0.8044, -3.5123, -1.1929,
         -0.5312, -1.3409, -3.0466, -0.3897, -0.7949, -2.0356, -1.7523,
         -2.1451,  0.2611, -1.2211,  2.5824, -1.0060,  4.8228,  1.4328,
          3.6488,  4.9548,  0.5146,  1.5865, -0.3834,  2.6534,  3.0239,
         -0.6498,  1.3513, -0.3111,  1.4719, -0.1890, -0.6297,  0.1687,
          0.2770, -0.2626, -0.7245, -1.9627, -1.7530, -0.0304, -1.4455,
          4.4791, -2.8569, -0.3418, -2.1484, -2.2508, -1.2117, -2.4616,
          2.0077, -1.0090,  0.3758, -0.3866, -1.7078, -1.2192, -2.8751,
         -1.9276, -4.4064, -0.8825, -4.4524, -2.5224, -4.4825, -2.9211,
         -2.1756, -3.6894,  1.0688,  0.3853,  5.2248,  2.2038,  0.9142,
          1.7460,  2.5463,  2.9797,  2.6621,  4.2087,  1.9941,  2.6187,
         -1.1473,  0.6919,  2.1012,  2.4114,  1.1026,  1.6136,  0.8510,
          1.8361,  4.3000,  7.8942,  0.6845,  1.4976,  2.8323,  3.0351,
          6.9478,  4.1132,  6.8473,  3.2652,  1.6828,  2.6213,  2.8389,
          7.7298,  1.7642,  6.5437,  5.8526,  6.2052,  5.6116,  5.8590,
          7.4218,  4.1282,  6.3564,  5.8154,  5.6294,  5.1790,  1.7489,
          3.6937,  2.8531,  5.4692,  2.1912,  3.8292,  5.9069,  3.7695,
          3.9877,  1.9485,  2.8011,  2.8157,  6.2699,  3.2206,  4.1563,
          1.9699,  2.6261,  5.3110,  5.1050,  2.8583,  5.0465,  5.7565,
          2.9339,  4.2018,  4.8563,  5.6402,  1.3487,  3.1100,  0.2549,
          3.1035,  3.7466,  5.8397,  3.9156,  1.0569,  2.6664,  2.3408,
          4.5694,  2.3090,  3.4766,  2.3182,  4.2319,  0.6649,  1.0573,
          1.3426, -0.1367,  1.9521,  0.2103,  0.6551,  2.3934,  1.7677,
          0.0020,  2.3941,  3.5298,  3.1972,  1.9181,  2.4038, -1.2747,
          4.0104,  0.2278,  0.3834,  4.7757,  2.0602,  2.6162, -1.0669,
          2.5610,  3.0910,  2.2654,  6.2133,  0.4731, -0.0898,  1.9676,
          0.6774,  1.5897,  3.4876,  6.1389,  3.6127,  7.1807,  3.7103,
          3.7056,  5.4578,  5.7336,  4.4720,  2.8556,  4.0958,  4.0194,
          5.0591,  3.6045,  2.9721,  2.7981,  3.6086,  2.1432,  5.1728,
          4.1286,  2.0547,  0.4131,  0.9430,  4.2301,  3.2963,  0.9377,
          3.5170,  1.2920, -0.1544,  2.5256,  3.4127,  3.6456, -1.2004,
          0.7184,  1.3062,  0.1581,  0.7330, -1.0800,  0.5016, -0.8848,
          0.4756,  2.4614,  1.1456,  0.7913,  0.1370, -0.6884,  0.2657,
         -0.8157, -0.5793,  2.4486,  1.4730,  0.4101, -0.1246, -2.0123,
          1.2917, -2.5331, -0.8633,  0.2008, -1.3654, -0.4517, -3.5676,
         -1.2575,  2.1953,  4.8800,  1.7662,  3.8367,  2.3074,  5.5987,
          3.1871,  6.5696,  3.0392,  1.7027,  1.5749,  5.8688,  6.8496,
          6.5420,  2.3966,  0.5262,  1.0084, -0.1983, -1.7223,  0.8725,
          3.1231,  1.3224,  3.1536,  0.8433,  5.5481,  2.5487,  6.3048,
          5.0169,  5.3386,  5.6522,  4.8595,  2.8059,  4.1025,  1.8372,
          7.6765,  5.0609,  0.8041,  2.4080,  3.8259,  3.5325,  4.6537,
          6.2978,  4.9606,  6.1983,  4.4326,  4.8776,  2.6153,  4.6738,
          6.7946,  3.6939,  6.6841,  5.3633,  5.1745,  2.2174,  4.1945,
          2.9626,  1.2645,  0.6976,  0.2429,  1.0560,  1.8379,  0.2389,
          2.0955, -0.9421,  0.5959,  0.2776, -0.2436,  0.5516, -3.5506,
         -2.5663, -2.2259, -1.4578, -1.6587, -3.3545, -3.7462, -1.4964,
         -1.7911, -1.4572,  0.2573, -0.3652,  2.6079, -1.5424,  0.1774,
          0.2671, -2.2685, -3.4025, -0.5332,  0.6313, -1.5950, -1.1761,
          0.1603, -1.6271, -3.3243, -4.0030, -4.7156, -1.6444, -2.2202,
          1.1179, -0.0173, -1.3862, -1.5036, -2.1672, -1.2187, -1.8331,
         -1.0742, -1.0831, -1.9787,  1.7973,  0.2609, -0.5427, -0.5319,
          1.5045, -0.1622, -3.5924,  0.6354,  0.7201, -1.0114,  0.1446,
         -1.2045,  1.4922, -2.7001, -1.5335, -2.1174, -3.0510, -3.9322,
         -0.4738,  0.2607, -1.6018, -1.7833, -0.2627, -2.6384,  0.2682,
         -1.3920,  2.6229, -0.8675,  1.1842, -3.9926, -3.0335, -2.2224,
          0.6205,  0.7676, -1.6996,  1.5669,  0.2803, -3.4446, -0.8685,
          0.1492, -2.0387, -1.6209, -1.8426, -1.2946, -1.4557, -1.1868,
          2.0400, -2.4767, -2.2683, -1.2006, -0.5085,  0.4757, -0.6944,
         -0.8364,  0.4961, -1.9958, -0.9691, -1.4757, -2.8507, -1.6525,
         -1.0334, -2.0705, -2.8231, -0.2047, -0.9165, -0.6044,  0.2633,
         -0.8354, -2.1858, -0.3656, -2.1349, -1.4384, -2.5095, -2.8996,
         -1.6428, -1.6265,  0.0047,  1.5312, -2.3739, -1.6678,  0.6623,
         -1.3407, -0.5061, -4.2177, -2.0412,  0.3776, -2.8900,  0.2642,
         -1.8590, -2.4998, -2.5680, -2.0612, -0.2278, -2.2659, -1.5060,
         -1.3687, -2.2601, -2.3810, -3.6127, -1.6979,  0.7877, -2.5957,
          0.7269, -0.4265,  1.1383, -1.7162, -2.3854, -2.0986, -2.8734,
         -1.8414, -1.2278, -2.0040, -3.2532, -4.1699, -2.2439, -0.1428,
         -1.6437, -2.7206, -0.9960,  0.0701, -1.1682, -0.8501, -1.1355,
         -1.4004, -2.6019,  2.1358, -2.3210, -3.6781,  0.2684,  0.1765,
         -1.3973, -0.5460, -2.1158, -0.4437, -4.0824, -0.6138, -2.2805,
         -1.3381, -3.2332, -2.4240,  0.3405, -1.2435, -2.4079,  0.3424,
         -1.5485, -1.0286, -1.5905,  1.4140, -0.8930, -0.3037, -2.4724,
          0.0582, -0.8640, -1.7151, -1.3276, -3.2173, -0.6201, -2.9903,
          0.8836, -1.8646, -1.8684, -1.6082,  3.0426, -0.0794, -1.1271,
          0.7811,  1.7276, -2.5305, -4.0714, -4.0565, -3.8677, -0.5136,
         -0.1204, -0.6151,  1.3433, -1.3703, -2.1000, -3.2130, -0.0434,
          0.7830, -0.3343, -0.7897, -1.5601, -0.4887, -0.4073, -0.4806,
         -1.9243, -1.8570, -2.2844,  1.1320,  0.0536, -2.9847, -1.2274,
         -0.7220, -1.2537, -1.2154,  0.3707,  0.1754, -1.1433, -0.8483,
         -1.4526,  0.9543,  0.1031, -4.4575, -0.0515, -1.4132, -1.9158,
         -0.6121, -1.0961, -0.1456, -1.3957, -3.9372, -1.2774, -1.1921,
         -2.8705, -1.6366,  1.9618, -1.8415, -0.1023, -2.1720,  0.2642,
         -1.4686, -1.3805, -1.2974, -2.3145, -1.5820, -0.1626,  0.1667,
         -2.2042, -1.5516, -2.3239, -1.3327, -1.9387, -2.6300,  0.2321,
         -1.2000, -1.5030,  2.7658, -1.3810,  4.5946, -1.4322,  0.3670,
         -2.9460,  0.8328, -1.0696, -1.8909, -1.3263, -3.2698, -3.4597,
         -2.9996, -3.2144, -1.4681, -0.8099, -1.8296,  1.4553, -1.2300,
          1.0871, -1.9220, -1.6105, -1.2784, -0.4814,  0.6950, -0.7518,
         -0.0345, -0.5604,  0.1261,  0.9113, -3.3543, -2.0075, -2.2516,
         -1.5359,  1.2464, -3.8972, -3.8983, -0.8301,  3.1646, -2.1212,
         -1.9109, -0.7673, -1.8549, -1.1330, -0.4801, -3.0874, -0.8269,
         -3.5352,  0.2940, -3.4914, -1.6804, -0.9165, -4.4323, -1.5438,
         -0.1060, -1.1085, -1.2792, -0.9066, -2.8356,  1.4278, -3.2312,
         -0.7642, -3.8187, -0.5241,  1.3269, -0.0295, -1.7007, -0.8624,
         -0.9632, -0.2180,  1.1723, -4.0205, -4.4188,  1.4152, -3.2551,
          1.4832,  0.0505, -2.7051, -0.4776, -3.0810, -2.1713, -1.3477,
          0.4669, -1.2095,  0.1178, -0.0901, -0.4147, -2.5519, -1.8805,
         -1.8975, -0.9000,  0.1785, -1.7279, -1.8529, -1.5954, -2.4972,
         -3.9687, -2.5059,  0.3513, -2.7071, -0.6513,  0.9868,  1.4204,
         -0.6568, -2.9973, -3.0902, -2.6131, -1.7542, -0.0623, -2.5528,
         -0.7998, -1.0311, -4.9373, -1.1452, -4.9585, -1.0036, -1.1847,
         -2.0342, -0.9901, -1.0599, -0.7662, -1.0902, -0.5032,  0.5989,
         -5.0067, -0.7436, -2.0847,  2.4362, -1.6222, -3.3394, -3.4619,
          0.3029, -2.1796,  1.8491, -1.2176, -2.6388, -1.8913, -1.9403,
         -0.7036, -2.4679, -0.9803,  0.3343, -2.3029, -2.6042,  1.5058,
         -0.9017,  0.2191,  0.3958,  0.4747, -0.2282, -1.2065, -0.5514,
         -2.2374, -0.1815, -0.9599, -0.3260,  1.4993, -0.4922, -3.4251,
         -1.4153, -0.3264, -2.5525,  0.5622,  0.9137, -0.8433,  0.0128,
         -2.0786, -1.4138,  0.9201,  1.4192, -1.3785, -1.6615, -0.3474,
          0.8765, -0.9153, -3.4223,  0.5063,  0.5085,  4.7643,  0.1864,
         -0.1590,  0.0875,  1.3829, -0.0068, -3.9578, -3.2292, -1.3828,
         -2.3016, -1.4026, -1.8723, -2.1855, -1.6751, -0.3746, -0.1024,
         -0.1245, -1.2562, -2.6116, -1.4397, -0.7352, -1.2189, -4.3845,
          1.2329, -0.0792, -3.3402, -2.4989, -2.1705, -0.4812, -2.4404,
         -2.9774, -0.2649, -0.3186, -0.3262, -0.6560, -1.9280, -0.6937,
         -0.1274, -0.6693, -4.2889, -1.1489, -2.7172, -3.3943, -3.2026,
         -1.9070, -1.8293,  1.6262,  0.1071, -1.8824, -2.7553, -0.1905,
         -0.9376,  2.9942,  0.9373, -1.3192, -0.5010, -4.6024, -1.4119,
         -1.9553, -0.8547,  0.6599, -1.0025, -2.4590, -3.3816,  0.2252,
         -0.8810, -2.9042, -0.4801, -2.4770,  0.6013, -3.7501, -0.3732,
         -1.6825,  1.3945, -1.7931, -3.0174, -4.4215,  1.2924,  0.2718,
         -2.1017, -1.5642, -4.5751, -3.7729, -2.9409,  2.0191,  4.2956,
          0.6403,  0.4490,  0.8925, -2.0971, -1.2835,  1.0656,  0.1660,
         -0.8825,  2.0478,  0.6290,  0.8163,  0.4945, -1.6649, -0.0304,
         -1.3602, -1.0918, -1.8289,  1.6756, -0.0682, -1.3797, -0.0521,
         -0.7680, -3.8458, -1.5304, -1.2218, -3.0944, -0.4924, -2.6965,
         -0.4380, -3.9632, -0.6165, -0.7189,  0.8937,  1.3047,  3.4333,
          2.2942,  1.3672,  2.8945,  0.1966,  0.4887,  2.5230,  2.4235,
          0.0906, -2.7961, -0.3597,  0.6780,  0.8127, -1.7646, -0.8893,
          0.7388, -0.3732,  0.7786,  0.2389, -1.1979, -0.8323, -0.0291,
         -0.3150,  1.3603,  3.2431, -0.8961,  3.0899, -3.6388]])
tensor([[  1.6801,   0.2908,  -0.9169,  -2.1834,  -2.0207,   1.2820,
          -0.8280,  -0.7513,   0.3477,  -3.2325,  -2.6451,   0.3065,
          -1.2395,  -3.9403,  -2.3224,  -5.2251,  -3.3814,  -3.4923,
          -4.5507,  -3.7763,  -2.8027,  -1.2180,  -2.8417,  -0.4474,
          -0.4483,   1.4653,   0.5240,  -0.6769,   0.1231,   0.4960,
          -1.7121,  -0.9122,   0.2399,  -0.7276,  -0.4717,  -1.0173,
           0.1502,  -1.5231,  -1.2307,  -2.0550,  -0.6744,  -1.8444,
          -1.5513,  -1.3256,  -0.3348,  -0.7293,  -1.6400,   1.0807,
          -0.1204,  -1.9010,  -1.8185,   0.6521,  -0.5038,  -3.4337,
          -2.1903,  -0.4056,  -1.7009,  -3.0454,  -2.3199,  -0.7277,
           0.6219,   0.3058,   1.3892,  -2.0034,   0.8307,  -1.1194,
          -0.9215,  -1.2950,  -0.8417,  -3.9564,  -1.4444,  -1.5296,
          -0.9519,   1.3897,   1.2594,  -3.0407,  -1.0995,  -1.7897,
           1.1208,  -1.2156,  -3.1678,  -4.9514,  -2.7771,  -1.7187,
          -4.5074,  -4.0696,  -1.5199,  -0.5520,  -0.3345,  -2.8717,
          -2.1656,  -3.5727,  -2.3716,  -2.7900,  -1.1937,  -3.2058,
          -1.8237,  -2.9179,  -3.6061,  -2.1743,  -4.8210,   0.7558,
          -2.6785,   0.3077,  -1.4797,  -1.9766,  -0.9757,  -1.9616,
          -1.3177,  -0.2730,   0.2316,   0.5579,   0.2142,   0.4483,
          -1.2033,  -0.6661,  -1.2658,  -0.6810,   1.6954,   0.4427,
          -2.0598,   1.5308,  -0.7319,  -1.7403,  -0.7890,   0.2339,
           1.7176,  -2.4172,  -2.6661,  -1.9487,  -3.8029,  -4.2422,
          -3.5215,  -1.6006,  -3.2030,  -3.5533,  -2.2496,  -5.4597,
          -5.8848,  -4.0838,  -3.5786,  -4.7616,  -5.0193,  -3.8105,
          -1.6259,  -2.2763,  -2.3737,  -3.1839,  -3.6926,   0.5225,
          -1.4482,   2.6564,   3.1676,   3.1107,   4.6373,   2.7340,
           3.5987,  -0.1185,   0.6707,   7.4198,   9.5657,   4.8307,
           3.6599,   6.3941,   4.1184,   3.6285,   4.0687,   5.5301,
           6.6340,   7.4767,   8.9859,  -0.4235,   1.8341,   3.7901,
           0.6337,   9.9571,   7.7411,   6.1929,   5.3284,   1.8068,
           3.3260,   2.3303,   5.1955,   0.1876,   6.1509,   7.5536,
           4.1772,   1.3983,   3.5370,   3.8198,   5.0165,   3.9645,
           4.5712,   6.1561,   6.2989,  -2.1681,   0.1489,   2.3244,
           2.0456,   2.6606,   7.2927,   3.1880,   5.4278,   1.4051,
           3.8403,   9.2355,   6.6667,  15.8447,  10.1353,   7.7326,
           3.0262,   7.8287,   9.5878,   9.2889,   5.8023,   8.3491,
           8.8473,   3.4176,   7.2434,   8.4703,   9.7436,   2.3985,
           8.3115,   0.0017,   3.7016,   3.0195,   6.5137,   4.4000,
           4.0024,   4.9285,   4.1887,   7.5444,   5.3024,   1.5569,
           2.7756,   4.7179,   1.9565,  -2.2180,   3.9817,   3.5280,
           3.7758,   3.3956,   0.6830,   3.8379,   7.6019,  -2.7579,
           4.4228,   5.7061,   1.3222,   0.8333,   0.3975,   1.8572,
           1.1024,  -0.1932,  -0.4695,   9.0503,   7.6784,   9.0817,
           1.7851,   2.4651,   4.9609,   0.5533,   1.7288,   3.3984,
           3.3925,   1.4993,   1.8686,   5.5929,  -0.3184,   1.4551,
           2.3317,   2.1365,   0.2477,   3.8769,   2.5883,   1.9495,
           1.5657,  -0.1770,  -1.8341,   0.4893,  -1.8563,  -0.5153,
          -0.3024,  -0.5653,  -2.4238,  -2.0752,  -0.1475,  -2.4140,
          -2.5805,  -3.1753,  -2.3232,   3.5500,   0.5462,  -0.4287,
           4.8282,   0.0818,   3.7444,   2.7705,   0.6498,   1.3907,
          -2.4873,   0.0339,  -2.5251,  -3.4211,  -0.8486,  -2.2869,
          -1.9121,  -1.9362,  -3.1191,  -1.2186,  -0.0710,   0.2327,
          -1.3974,  -0.6764,  -0.2415,   1.2349,  -2.2219,   2.1541,
          -1.5949,  -1.6470,  -2.5310,  -2.9306,  -2.0016,  -1.4164,
          -3.2933,   0.5198,  -3.1126,  -0.4619,  -0.2043,  -1.6978,
          -1.0070,  -1.3247,  -0.2867,  -1.1546,   0.3501,  -1.4631,
          -0.8170,   0.6642,   0.7339,   0.8508,  -2.2221,   0.5906,
          -0.4617,  -2.0371,  -1.8022,   1.1203,   0.7843,  -3.4606,
          -0.3323,  -2.4787,   0.4283,  -1.4451,  -1.7962,  -1.9568,
           0.4783,  -0.1783,   0.4041,  -0.8588,  -0.3722,  -0.7283,
          -0.2352,  -0.8047,  -0.2340,  -1.9383,   2.6066,   2.4068,
          -1.6904,  -0.7543,   1.1546,  -0.5340,  -1.1328,   1.5130,
           2.0201,   1.5416,  -1.1551,  -2.2485,  -0.1233,   1.3134,
           1.0203,   1.7574,   0.1711,   0.7064,  -0.0040,  -3.0415,
          -2.7080,  -0.2218,   1.6732,  -1.8105,  -1.4622,   1.5974,
           1.7820,  -1.6305,   0.7056,  -2.7457,  -0.5037,   0.3603,
          -2.7282,  -2.0417,  -1.8525,   0.0420,  -0.3568,  -1.5001,
          -3.1001,  -2.8506,  -1.6333,   0.1391,  -0.1904,   1.2277,
           0.2540,   0.6498,  -1.1487,   0.1041,   2.7453,  -2.0698,
          -2.0346,   0.5143,   0.0990,   3.7409,  -0.7006,  -1.7815,
          -1.7089,   1.6897,  -1.8009,  -1.1042,  -1.9426,  -0.2185,
          -0.1189,   1.6362,   0.5628,  -0.9286,  -0.8195,  -0.4120,
          -1.0901,   2.4270,   1.9540,   2.1586,  -1.3854,  -0.0451,
          -2.6830,  -1.1131,  -2.3952,  -2.6824,   0.1137,  -1.9870,
           0.0166,   1.2296,  -1.6645,   1.1289,  -1.6596,   0.4977,
          -0.1386,  -2.2271,   0.1421,  -2.0005,  -0.9530,  -1.2433,
          -0.1128,  -0.4759,  -1.5385,   0.0894,  -1.6035,  -0.2124,
           0.5826,   1.4891,  -1.8729,  -0.4312,  -1.2232,  -0.3531,
           0.2613,  -0.8059,  -0.6508,  -1.1834,   3.7629,  -2.2679,
          -1.2958,   0.3924,   2.1735,  -3.2420,  -3.1907,  -0.8216,
           0.8159,  -1.3949,  -0.2609,   0.1745,  -1.2360,  -2.3907,
          -2.5290,   0.1211,  -0.0148,   0.4968,  -1.2330,   1.4664,
          -1.8051,  -3.1667,   1.3606,  -2.1763,  -0.9718,   0.9880,
          -0.0711,   0.2035,  -2.1047,   0.9534,   0.3369,  -0.6402,
          -1.5527,  -0.0393,   0.4320,  -1.2086,  -1.2761,  -0.0353,
          -0.2121,   1.6902,   0.0692,  -1.5917,   0.9350,   0.6240,
          -1.8223,   1.0646,   0.0258,   0.3137,  -2.3996,  -0.6521,
           2.5917,  -0.1136,  -0.4835,   1.6464,  -1.4505,  -1.4564,
           0.2369,  -0.7465,  -0.7064,  -0.2941,  -1.2330,  -1.0823,
           0.9880,  -2.3856,  -0.0571,   0.2173,  -0.1479,   3.2171,
          -0.5881,  -1.1444,  -1.2393,  -0.8524,  -2.0914,  -1.4217,
          -4.2151,  -1.5826,  -0.0974,  -1.1841,  -2.7709,   0.0234,
           0.2056,  -1.8681,  -2.1314,   0.2759,   1.3706,   0.0129,
          -1.1551,   1.1698,  -1.2196,  -0.0620,   1.5863,  -1.0731,
          -2.8256,   1.0847,  -1.5307,   0.8543,  -0.1798,  -0.1557,
          -0.9732,  -0.7729,  -1.9968,  -0.3707,  -0.1543,  -0.6013,
          -1.6902,   1.1504,   1.7746,  -0.3405,   2.5073,  -0.6457,
           1.1868,   0.3123,   2.1456,   1.3622,  -1.7801,  -0.5708,
           1.9526,   1.9800,   0.3216,   0.5842,  -0.8285,   0.3728,
           0.5335,   2.4215,  -1.0629,  -2.2988,  -1.2838,  -0.9049,
          -0.5071,   1.1213,   0.5455,  -2.2506,  -2.8191,  -2.7887,
          -2.0872,   0.1046,  -1.3485,   0.0498,   0.3863,  -1.0800,
          -0.1997,  -2.2675,  -0.0240,  -0.7873,  -0.4442,  -2.0599,
          -0.5267,   0.7524,  -0.3533,   1.7950,  -1.9940,  -2.3696,
          -0.7833,  -1.8648,  -1.7325,   0.9765,  -3.6829,  -0.0106,
          -1.0257,   0.1896,  -1.8470,  -0.4575,  -0.0751,  -1.0888,
           0.4305,  -0.7179,   1.3991,   1.5053,  -2.0140,   0.8564,
          -2.7568,  -1.0105,  -2.1972,  -0.0976,   1.9726,  -1.3676,
          -1.7201,  -1.6809,  -1.4736,   0.2099,  -2.2725,  -0.3930,
          -0.1340,   1.6205,   0.2746,  -0.1906,  -1.2768,   0.7679,
           2.0445,  -1.9627,  -0.8139,   0.1248,   0.2715,   0.3808,
           0.4926,   0.4516,  -1.2181,  -1.3872,  -0.8566,  -0.3261,
           1.0043,  -0.6942,  -0.4520,   1.0488,   3.2262,  -2.1596,
           1.5516,  -1.3452,   0.2999,  -0.5118,  -1.2517,  -1.4689,
          -0.9723,  -3.2751,  -3.0009,  -2.4694,  -0.8187,   1.4149,
          -0.4692,   0.3595,  -1.5146,   2.5572,  -0.7693,   0.0558,
          -0.5495,   1.1908,   0.7457,  -1.0016,   0.1358,   0.0436,
          -0.6187,  -0.1257,  -1.2270,   0.7151,   0.1548,   0.7982,
           1.1319,  -2.6094,  -1.8595,   0.6913,  -0.1404,  -0.4803,
          -2.5354,  -1.5716,   0.7805,   1.2532,   0.2221,  -0.4783,
          -2.7644,  -0.6359,  -0.0127,  -0.9893,  -0.1122,  -1.9247,
          -3.0264,   1.5260,   0.6198,  -1.1103,  -0.8510,   1.0301,
          -2.1778,   1.6194,  -0.8228,   1.9324,  -0.6262,  -1.9071,
           0.4251,   0.1364,  -0.2135,   0.5657,  -0.8775,  -0.6179,
           0.3206,  -1.4536,  -3.2969,  -1.6555,  -0.3045,  -1.2006,
           1.4181,  -1.5112,  -0.0786,  -1.7611,  -1.8449,   1.1690,
           1.3782,   0.3897,   1.0982,  -3.0074,   1.7657,  -2.3622,
           0.5268,  -2.1625,  -1.8747,   1.7310,  -0.0376,  -0.2419,
          -1.1025,  -1.3949,  -3.8425,  -0.8903,   0.1539,  -0.3950,
          -1.8452,   0.7452,  -0.7396,  -2.0211,   0.0387,   0.0777,
          -0.9732,   0.5740,   1.7945,  -3.6671,  -0.4901,   1.7704,
          -2.1302,   0.2684,  -2.4812,   1.0144,   1.2054,   0.9488,
           0.4773,   2.7208,   0.0152,  -1.0482,  -0.6614,  -0.3288,
          -1.0870,   1.0253,  -1.0559,  -0.4865,  -1.7515,  -2.4331,
           0.0488,   5.6443,  -1.3325,   3.2008,   1.0136,  -0.8794,
          -1.4642,  -1.0313,   0.6129,   0.3409,  -0.8526,   1.5818,
          -2.6198,   0.0500,   0.2623,  -1.2983,  -1.8885,   0.7312,
          -0.5166,  -0.0452,   1.4532,   0.5880,   0.1576,  -0.0525,
          -0.3727,   1.3382,  -0.7953,   1.4252,  -1.9230,  -0.4638,
          -0.4074,  -0.6916,   0.4233,   0.6982,   0.4103,   0.5305,
          -0.0586,  -0.2513,  -0.5544,   1.7134,  -0.2892,  -2.0653,
          -0.4462,   0.2462,  -0.1467,  -2.4971,   1.1607,   1.7492,
           6.7769,  -0.6162,   0.0795,  -2.2538,   0.8528,  -0.4933,
           0.0315,  -1.2727,   0.3187,   1.6538,  -0.2409,  -1.1610,
           1.0430,   0.7519,   0.0823,   1.7275,  -0.0172,  -0.1229,
           1.2433,  -1.2932,   0.7703,  -1.4770,  -3.4995,  -0.7776,
           3.1132,  -0.0124,  -2.6877,   1.3112,   1.6945,  -0.8182,
           1.0524,   0.2210,  -0.9624,   1.4487,  -1.5354,   0.1044,
          -1.8434,  -3.5426,   1.4607,  -1.3538,  -0.7541,  -1.7400,
          -4.4352,  -1.5126,  -1.1791,  -0.9551,   0.8977,   0.4496,
          -1.9302,  -1.8933,  -1.0639,   0.6998,   2.2416,  -0.2363,
          -0.8444,   0.0702,  -1.6195,  -0.5673,  -0.4218,   0.2292,
           1.9954,  -3.4827,  -2.0412,  -1.4612,   1.5311,  -0.8622,
          -0.2947,  -0.2169,  -1.6986,  -0.5299,  -3.4934,   0.8189,
          -0.6620,  -1.1502,  -0.4248,  -2.1161,  -1.6723,   2.1257,
           0.6322,   0.2334,   0.1697,  -1.5366,  -0.8997,  -0.6423,
           3.2316,   2.9546,   1.6337,   3.9078,   2.0853,   0.5913,
          -1.2553,   2.2363,   0.6662,  -0.1519,   0.6975,  -0.8324,
           1.8323,  -0.8435,  -1.3260,   2.4685,  -0.6365,  -1.1945,
          -0.7589,   1.4671,  -0.6319,  -3.2472,  -0.4006,   0.9236,
          -3.0440,  -0.1871,   1.1346,  -2.2017,  -0.6165,  -1.6156,
          -0.6397,  -4.2944,  -1.5626,   0.1180,   0.2177,   0.8230,
           2.3770,   0.7840,  -1.6318,   2.1873,   1.6272,   1.2221,
           2.0484,   1.9961,  -1.0408,  -2.8251,   0.2983,  -2.9568,
           2.6126,  -2.0682,  -0.0011,   1.1420,  -3.4308,  -0.1519,
          -1.9055,  -1.3598,  -0.6504,  -1.6293,  -3.9613,  -0.2264,
           0.8767,  -1.0592,   1.9732,  -1.3599]])

     MATCH:

       golden_retriever_01.jpg: 
Real:           golden retriever   Classifier:               golden retriever

                  taxi_01.jpeg: 
Real:                       taxi   Classifier:       cab, hack, taxi, taxicab

 NOT A MATCH:

                parrot_01.jpeg: 
Real:                     parrot   Classifier:                          macaw

                   dog_02.jpeg: 
Real:                        dog   Classifier:                irish wolfhound

                   dog_01.jpeg: 
Real:                        dog   Classifier:               golden retriever

# Total Images 5 # Matches: 2 # NOT Matches: 3

     MATCH:

       golden_retriever_01.jpg: 
Real:           golden retriever   Classifier:               golden retriever  
PetLabelDog: 1  ClassLabelDog: 1

                  taxi_01.jpeg: 
Real:                       taxi   Classifier:       cab, hack, taxi, taxicab  
PetLabelDog: 0  ClassLabelDog: 0

 NOT A MATCH:

                parrot_01.jpeg: 
Real:                     parrot   Classifier:                          macaw  
PetLabelDog: 0  ClassLabelDog: 0

                   dog_02.jpeg: 
Real:                        dog   Classifier:                irish wolfhound  
PetLabelDog: 1  ClassLabelDog: 1

                   dog_01.jpeg: 
Real:                        dog   Classifier:               golden retriever  
PetLabelDog: 1  ClassLabelDog: 1

# Total Images 5 # Matches: 2 # NOT Matches: 3

 ** Statistics from calculates_results_stats() function:
N Images:  5  N Dog Images:  3  N NotDog Images:  2 
Pct Corr dog: 100.0 Pct Corr NOTdog:   0.0  Pct Corr Breed:   0.0

 ** Check Statistics - calculated from this function as a check:
N Images:  5  N Dog Images:  3  N NotDog Images:  2 
Pct Corr dog: 100.0 Pct Corr NOTdog: 100.0  Pct Corr Breed:  33.3


*** Results Summary for CNN Model Architecture RESNET ***
N Images            :   5
N Dog Images        :   3
N Not-dogs Images   :   2
summary statistics (percentages) on Model Run
the percentage for pct_match is 40.0
the percentage for pct_correct_dogs is 100.0
the percentage for pct_correct_breed is 0.0
the percentage for pct_correct_notdogs is 0.0

INCORRECT Dog/NOT Dog Assignments:

INCORRECT Dog Breed Assignment:
Real:                        dog   Classifier:                irish wolfhound
Real:                        dog   Classifier:               golden retriever

** Total Elapsed Runtime: 0:0:0
