Argument 1: uploaded_images/
Argument 2: vgg
Argument 3: dognames.txt 

Command Line Arguments:
     dir = uploaded_images/ 
    arch = vgg 
 dogfile = dognames.txt
parrot
golden retriever
taxi
dog
dog

Pet Image Label Dictionary has 5 key-value pairs.
Below are 5 of them:
 1 key:                 parrot_01.jpeg  label:                     parrot
 2 key:        golden_retriever_01.jpg  label:           golden retriever
 3 key:                   taxi_01.jpeg  label:                       taxi
 4 key:                    dog_02.jpeg  label:                        dog
 5 key:                    dog_01.jpeg  label:                        dog
tensor([[ -1.7363,   4.6280,  -3.9527,  -6.7341,  -6.5363,  -4.2517,
          -6.8439,   6.6140,   3.8038,   0.4090,   9.1934,  13.6533,
           9.1079,   4.5655,  11.2158,   5.1001,  10.6693,   8.6339,
           6.6647,   5.2090,   2.6038,   5.6136,  -0.1209,   3.0932,
           2.7472,   2.0272,   3.2310,   2.6265,  -0.2330,  -0.7364,
           0.0491,   5.4524,   3.5888,  -3.6777,  -3.1940,  -0.6928,
           1.1687,  -0.6197,   1.1447,   2.8893,   4.2512,   3.3141,
           8.9342,   3.8371,  -0.3872,  -1.2253,   4.3739,   5.9117,
          -2.0182,  -2.5563,  -2.7863,  -0.8585,   0.0796,   0.3853,
          -1.2224,   0.2917,   0.3857,   1.2590,  -2.3442,   4.7865,
          -0.3692,  -2.6088,  -0.4507,   0.4607,   2.4306,  -1.1725,
          -0.1390,  -3.4081,  -0.7397,  -5.4393,   2.1696,   0.4401,
           6.4042,   7.8652,   5.8457,   0.3750,   1.1075,   0.6896,
           6.1928,   0.6787,   4.2731,   2.6576,   6.0193,   3.8362,
           4.7003,   5.0409,   7.0925,   6.3024,  17.3841,   5.1245,
          13.0668,   7.2443,  13.4156,   4.7376,  12.9186,  11.5997,
           7.9886,   4.3464,   2.1078,   0.6819,   2.4635,  -1.0856,
          -3.3909,   0.3729,  -1.6038,  -1.0461,  -2.1295,  -3.1652,
          -1.6011,  -1.6842,  -0.6355,  -0.5298,  -2.9334,   2.9307,
           0.8232,   4.0216,  -2.7436,  -2.2784,  -0.5869,   0.7570,
           2.3374,   0.0624,   0.8612,   0.3523,   3.2966,   1.3914,
           0.8368,   5.9431,   9.8325,   6.8005,   4.7253,   4.4040,
           1.3105,   4.1762,   4.2510,   2.5453,  11.4631,   0.6483,
           0.4011,   0.7877,  -0.3349,   5.3448,  -0.9509,   3.5421,
           0.7669,   0.3382,  -1.9794,  -4.2622,  -5.4239,  -3.3757,
          -3.3795,   0.4066,  -0.3128,  -0.5132,  -1.1548,  -0.0961,
           0.8033,   0.6675,   0.9127,   0.2769,  -0.9675,  -1.1329,
          -1.3887,   1.1354,   0.0591,   0.7569,   0.8178,  -0.3583,
          -0.0162,   0.9863,   0.4622,   1.6273,  -0.5283,   1.2744,
          -1.2278,   2.1759,   1.4451,  -1.0696,   0.8093,  -1.1672,
           0.1225,   1.5236,   2.4575,  -0.7340,   0.0466,   1.1736,
           3.8361,   3.6200,   2.4922,   2.7034,  -1.8435,   1.3389,
          -0.5273,   0.7607,  -0.4906,  -0.3197,   0.1497,  -2.3351,
           0.9435,  -0.5683,   0.6478,   0.2165,   0.4155,  -1.6725,
          -0.9391,   0.3159,  -0.8696,   2.8139,  -0.1352,  -0.6807,
          -0.7712,   0.4283,   0.0412,   1.1320,   0.3896,   2.3073,
           1.4966,  -0.7568,   1.7612,  -0.1962,   1.6518,  -0.6753,
          -1.2838,  -0.6263,  -1.0904,   1.9485,  -1.0097,   0.3331,
           0.2938,  -2.0752,  -1.9367,  -1.0322,   0.7763,  -1.9257,
          -1.0249,   1.0755,   0.9910,   0.4463,  -0.8928,  -2.3713,
          -0.2628,   1.1548,  -1.9081,  -0.9686,  -1.3826,  -2.8519,
          -1.8431,  -1.1717,   0.0447,  -0.9538,  -2.1548,   0.0780,
          -1.4731,  -0.5762,   0.7255,   1.3544,  -1.2231,  -2.7433,
          -2.9328,  -1.7000,  -1.7665,  -1.1462,   0.6080,   0.0095,
          -0.4869,   0.0196,  -0.2886,   0.6390,  -0.8190,   0.7392,
          -1.0832,   0.8208,   1.3690,  -1.2107,   1.2078,   1.3684,
          -1.0758,   0.9364,   0.7050,  -3.9840,  -1.5503,  -1.0905,
          -0.8903,  -1.7493,  -2.2753,  -2.6564,  -0.3676,  -0.3600,
          -0.0892,  -1.4869,  -0.9810,   1.0742,   0.9766,   0.4251,
          -0.8451,  -0.9064,  -1.5670,  -1.3330,   0.2211,   2.4382,
           5.0747,   5.4018,   2.2597,   5.0718,   5.7611,  -1.2599,
           0.4520,   4.0977,   2.3867,   8.6930,   6.8412,   7.4104,
           4.1391,   3.4243,   0.1252,   4.2028,   2.4483,   6.7300,
           4.5670,   8.1926,   7.1248,   6.8604,   5.0622,   7.6706,
           7.2717,  11.9508,   6.0186,  -2.9563,  -1.1955,  -4.7917,
           1.6325,   3.2602,  -4.3891,  -1.0255,  -0.1316,   4.3276,
           1.6941,   0.8935,  -1.2470,  -0.6137,  -1.3242,  -1.0514,
          -2.1774,  -3.9576,  -4.5187,  -1.6340,  -2.0078,  -4.0251,
          -4.5865,  -2.4236,  -1.2407,  -1.3500,   0.4858,   0.1024,
           2.3607,   0.3071,   1.5451,  -0.2527,   1.7043,   1.1139,
          -1.0224,  -1.5896,  -0.6694,  -1.9181,   2.7238,   2.1381,
          -0.2606,   1.8401,   1.3694,   0.7950,   1.7448,   3.9026,
           0.7528,   3.0044,   2.8871,   0.4051,   1.6046,   2.8674,
           1.5375,   1.2170,   2.4897,   2.1745,   5.6139,   3.0154,
           1.9991,  -0.2703,  -3.2149,   1.6071,  -0.7589,   0.1341,
           0.8941,  -0.6706,   2.5034,  -1.4875,  -1.5074,  -1.3807,
           1.1852,  -1.6076,   0.5378,  -1.2174,   2.2800,  -1.7848,
          -2.4223,  -4.3695,   1.6105,  -0.6393,   0.0767,   0.6615,
          -4.1235,   0.5900,   0.2556,  -0.2286,   0.0983,  -0.3590,
           0.6271,  -4.1384,   3.8135,   3.0135,   1.9613,  -1.8175,
          -1.9810,   0.5384,  -2.0078,  -3.0888,  -2.3272,  -0.7801,
          -2.0467,   1.4588,   2.1986,   4.3720,  -0.3838,  -3.2844,
           0.6430,  -2.0701,  -1.6916,  -3.3908,  -3.3808,  -0.3840,
          -0.2505,   3.6788,  -1.7549,  -3.7096,  -2.1084,   0.8251,
           0.8571,  -0.4466,   0.4664,  -0.4019,   5.4500,  -1.2969,
          -0.1204,  -0.2608,   2.4966,  -0.8032,  -4.7003,  -0.9272,
           3.7345,  -0.2755,  -0.2421,   1.9548,  -2.4712,   0.8332,
           2.4893,   2.5749,  -3.2939,  -2.2074,  -5.2387,  -1.2567,
          -2.3146,  -1.2454,  -0.9406,  -1.7770,   0.4083,  -2.4903,
          -1.6320,  -0.5577,  -0.8819,  -1.3431,  -0.7568,  -3.0893,
          -2.2129,  -1.9353,  -2.8481,  -0.2822,   0.5779,  -3.3427,
          -1.4021,  -0.3084,   3.5734,   3.8557,  -1.1853,   1.2639,
          -2.7766,  -1.6687,   4.4452,  -5.9732,   0.9316,  -2.1860,
          -3.5284,  -0.4179,  -1.0706,   2.8828,   0.1891,  -1.5399,
           0.0179,  -1.2685,   1.1351,   0.9516,  -3.5973,   0.4791,
          -3.4903,  -2.3836,  -1.3726,  -2.5503,   0.8411,  -0.3740,
          -2.5579,  -1.2666,   3.7516,  -0.6067,  -2.2372,  -0.2567,
           3.6137,  -2.0967,   1.0694,  -4.6469,  -2.3468,  -1.8609,
          -1.5767,  -2.3904,  -0.5462,  -0.9588,  -3.7302,   0.5707,
          -4.4610,  -1.8144,  -3.6212,  -1.8827,  -2.8221,  -0.6469,
          -3.8266,   0.3903,  -0.9893,  -2.6514,  -2.0408,  -3.1026,
          -1.8268,  -4.1367,  -2.9265,  -0.4982,  -4.2189,  -4.1808,
           3.4299,  -0.8573,  -2.3604,  -1.4389,  -3.1231,   4.6020,
           1.2404,   1.7759,   0.2416,  -3.4246,  -2.2648,  -1.3263,
          -2.4693,  -5.1731,  -1.0107,  -3.4014,  -0.3098,  -0.8179,
          -1.6055,  -1.1633,  -0.4722,   0.0205,   1.1995,  -1.9096,
          -1.3524,   0.0725,   0.2626,  -5.4916,   1.3279,  -3.4812,
          -0.4937,   0.2987,   1.6541,  -0.5342,  -3.5702,  -0.7885,
           1.1000,  -3.1690,  -0.8830,   2.0790,  -4.6865,  -1.2925,
          -0.5877,  -0.6791,   2.0314,  -6.1464,  -1.1131,   0.0932,
           3.2149,   0.3932,   4.6872,  -2.1268,   1.1588,  -2.4668,
          -2.4875,  -2.4047,  -2.5909,  -3.6254,  -0.2092,  -0.2757,
           0.9484,  -1.3340,   2.9670,  -0.6849,   8.1599,  -3.1682,
          -3.0666,  -0.0062,  -1.4896,   1.2660,  -1.1516,   1.1049,
          -1.8158,  -1.9278,  -0.3158,  -5.6711,  -4.6726,  -2.1207,
          -2.6763,  -2.2494,  -1.3786,  -0.0950,  -4.1713,  -2.6766,
           2.0637,   1.8404,   0.7644,   0.1493,  -5.6330,   1.4735,
          -2.1311,   2.2661,   2.5076,   8.1855,   0.8237,  -2.0262,
          -3.1078,  -2.4039,  -3.4061,  -2.6681,  -0.5203,   1.2315,
          -3.3176,  -1.5652,  -2.1870,  -1.6013,  -0.7252,  -1.2251,
           0.6603,  -4.6474,  -4.2545,  -1.7885,   1.5680,   0.0239,
          -2.8626,   3.6487,  -4.2241,  -1.9855,   1.4237,   3.5435,
           1.0978,  -3.6334,  -0.0543,  -3.6348,   0.9933,   1.2585,
           0.1550,  -0.5076,  -3.4631,  -0.9339,   1.1062,   1.2163,
          -0.1724,  -3.4106,  -4.3811,  -4.2044,  -0.2718,   2.1996,
          -1.4902,  -4.4213,   3.5359,   2.0445,  -2.8386,   2.6881,
           2.6477,  -3.3321,  -3.1180,   1.4916,  -1.5486,   5.7948,
           4.1077,   0.4141,   0.4306,  -2.5255,  -4.1681,  -1.3108,
           1.1034,  -0.1913,   0.6106,  -2.0886,  -2.0741,  -2.1711,
          -0.3440,   0.2119,   2.0984,  -3.6574,  -4.3888,  -1.0602,
          -1.6467,  -0.4521,   0.7453,   7.3255,  -1.8689,  -1.4943,
          -3.1503,  -2.8061,   3.0927,  -3.4588,  -0.2725,   1.5795,
          -2.2411,   4.2658,  -2.6771,   1.2826,  -2.8509,  -1.7285,
           3.0137,  -3.4721,   0.7460,  -1.0452,  -1.4543,  -0.0303,
          -1.5020,  -7.4817,  -1.1085,   2.2657,   0.3562,   4.6294,
           0.3060,  -1.6911,   0.3961,  -3.6864,  -4.8492,  -6.3486,
           0.5149,  -4.7957,   2.6620,  -3.8543,  -5.2716,  -3.6848,
          -2.6097,  -1.0827,  -1.8240,  -0.5726,  -3.8130,   1.1712,
           0.6516,   0.6080,  -0.9834,  -1.9767,  -1.6218,  -3.6351,
          -0.4951,   2.7991,  -1.7151,  -0.9555,  -2.2788,  -1.5603,
          -2.7408,   0.0979,   3.0159,  -0.5779,   1.7969,  -0.8639,
          -3.3463,   2.6785,  -2.5914,  -0.9811,  -0.2555,  -1.3877,
          -0.3171,  -3.3044,  -0.9604,   4.4506,  -0.4977,  -1.1568,
          -2.5477,  -2.8503,   0.2243,  -1.9040,   0.2350,  -5.4782,
          -0.5169,   2.0716,  -0.0884,  -3.4968,   2.4918,  -3.3099,
          -3.7970,  -4.2215,  -2.3782,  -1.1875,  -1.2016,   2.7750,
           0.4647,   0.0465,  -1.0222,  -2.0636,  -5.9543,  -3.0129,
          -0.1131,  -1.4958,   1.8241,   1.1986,  -0.5825,  -3.5261,
          -5.0773,  -2.8272,   1.4608,  -3.6346,   2.7438,  -4.0166,
          -2.1021,   0.1151,  -1.4739,  -1.4234,  -2.2867,  -3.9586,
           2.6027,  -0.1803,  -1.2013,   3.8759,  -0.3276,  -0.0546,
           1.0206,  -3.1935,  -3.3840,  -0.7951,   2.3096,   1.5775,
           1.2131,  -0.4393,   1.5820,   1.4929,  -1.0010,  -1.0545,
          -2.2590,  -0.2311,  -2.4328,  -1.4563,   1.8502,   0.7696,
          -2.2281,   1.5025,  -2.3313,  -2.6029,  -0.4170,  -1.1879,
           2.8056,  -0.5556,   0.4860,  -2.5426,  -3.7586,  -2.2555,
          -3.1128,  -2.3424,  -4.0581,   1.6736,   2.6583,  -2.5380,
          -1.3699,   1.8637,  -3.9029,   1.0788,  -2.1155,   0.0955,
          -4.6121,  -1.9958,   0.7990,  -4.6347,   0.4057,   0.2821,
          -1.4883,   1.3240,  -2.7768,  -2.7867,  -0.4928,   0.7395,
          -4.0077,  -5.4239,   2.2595,  -0.0250,   0.8588,  -1.2036,
           0.4269,   0.6228,   0.9159,  -3.6135,  -4.1690,   1.4688,
           5.8170,  -5.6913,  -2.8546,  -3.2620,  -0.4460,   1.4395,
          -2.7244,   1.9665,  -1.4286,   1.0440,  -3.0748,  -0.9293,
          -1.7072,  -3.4595,  -3.6602,  -1.5495,  -1.6446,   0.7755,
          -1.8341,  -4.1308,  -3.2276,  -4.9401,  -2.2081,  -4.1520,
          -0.7073,  -2.2227,  -1.0178,  -0.8910,  -0.2635,  -1.4863,
          -3.3617,   0.9310,   5.0580,   0.8350,   8.6028,   1.0833,
          -0.3793,   4.8810,   0.1241,  -0.2746,   2.7214,   2.5388,
          -1.0620,  -1.3159,   2.4910,   1.5070,   0.8812,  -2.9518,
          -4.9456,  -4.8016,  -2.8797,  -0.3218,  -2.3006,  -3.3335,
           0.1154,  -3.7618,  -1.7159,  -0.3401,   1.0373,   3.1170,
           0.7762,   2.6017,  -3.5165,   2.0612,  -1.6694,  -1.8592,
           0.9243,  -2.0578,  -0.7611,   1.6879,  -2.7078,  -2.8795,
           2.5185,   6.7149,   6.6246,   3.6503,   2.4747,   7.4825,
           2.2725,   2.8438,   3.1876,  -1.6558,   6.7063,   4.3374,
           1.6512,   0.5368,   6.0160,  -3.0155]])
tensor([[  0.3664,  -1.9353,  -2.0169,  -3.1938,  -4.0779,  -0.7729,
          -3.3197,  -3.2642,  -1.3366,  -3.0043,  -2.6555,  -2.4491,
          -4.0800,  -2.7362,  -2.4244,  -2.9707,  -3.5648,  -2.5055,
          -3.3173,  -3.0332,  -3.2833,  -2.0114,  -1.5740,  -3.8168,
          -1.1564,   0.1895,  -0.6308,  -0.2415,   0.7356,  -2.0647,
          -2.0080,  -1.3637,  -0.1590,  -0.6920,  -0.9439,  -1.7053,
          -0.4480,  -1.3952,  -1.6119,  -1.8439,  -2.8911,  -2.1733,
          -2.2649,  -1.4005,  -2.9139,  -0.7962,  -2.2843,  -2.3687,
          -1.4638,  -3.0364,  -2.4692,  -0.5207,  -1.2157,  -1.8041,
          -3.0454,  -2.5068,  -3.0867,  -3.1679,  -2.6994,  -1.6049,
          -1.4838,  -3.2601,  -1.0317,  -0.2975,  -0.5697,   0.1927,
          -1.9388,  -2.6184,  -2.1976,  -2.3752,  -2.2679,  -1.7405,
          -1.0151,  -0.6067,  -2.1188,  -1.8149,  -3.2443,  -2.5139,
          -1.3044,  -2.4474,  -2.2434,  -3.3884,  -1.7189,  -2.5928,
          -2.9529,  -2.7720,  -1.5844,   0.8614,  -1.5429,  -3.1510,
          -2.0412,  -3.0956,  -3.6751,  -3.7342,  -4.2659,  -3.0812,
          -2.4829,  -2.3344,  -1.4432,  -0.9451,  -2.0763,   0.1157,
          -0.7570,   0.3581,  -2.4445,  -1.5523,  -1.2363,  -1.7159,
          -2.1081,   0.3383,  -1.3934,  -0.0595,  -2.1507,  -0.2460,
          -0.8239,  -1.0289,  -0.3802,  -2.4404,  -1.5857,  -2.2550,
          -2.6790,  -1.3520,  -1.5883,  -1.3625,  -1.4146,  -0.7643,
           0.4576,  -1.8924,  -2.9577,  -3.1210,  -3.7896,  -3.0671,
          -2.9747,  -3.4332,  -3.2438,  -0.3971,  -3.0822,  -3.7551,
          -4.5853,  -3.1157,  -3.4351,  -2.6830,  -1.8166,  -2.3182,
          -2.1060,  -1.5618,  -1.6633,  -0.9803,  -2.7861,   1.2328,
          -0.7472,   2.2226,   2.8904,   2.3014,   2.5231,   1.2614,
           2.2091,   0.5442,   2.2530,   5.9825,   4.0605,   2.0858,
           3.6124,   6.2405,   3.2317,   4.8520,   4.2013,   4.7923,
           7.5998,   2.1693,   3.9886,   0.1272,   0.4222,   1.7133,
           3.6431,   7.7352,   3.1946,   3.2332,   3.0877,   3.1006,
           3.0506,   3.2942,   5.2496,   2.8030,   4.4744,   4.2563,
           3.2944,   0.9950,   2.9044,   4.3457,   2.0406,   3.8842,
           2.6498,   2.4043,   5.2822,   0.1854,   0.2332,   2.2593,
           0.7104,   0.3644,   7.1997,   0.4679,   4.3739,   1.3120,
           2.6641,   6.0502,   7.5102,  12.3376,  10.2372,   7.8380,
           2.2081,   5.8569,   4.0262,   5.0310,   5.3704,   5.0690,
           6.3813,   0.6531,   2.2231,   5.7620,   7.4328,   5.1559,
           9.4015,   2.3726,   2.0943,   3.2722,   2.8774,   4.5919,
           4.2235,   2.6344,   1.6023,   2.9801,   2.9776,   2.2688,
           5.4925,   3.9051,   2.9621,   1.5223,   5.2071,   3.6276,
           4.7109,   4.3262,   1.8389,   4.4946,   8.0899,  -0.4684,
           2.0447,   4.5438,   4.1442,   3.3806,   2.8700,   2.3247,
           2.8625,   2.1922,   1.0272,   6.6529,   6.1728,   6.7014,
           3.2625,   2.4164,   6.1379,   1.4788,   2.3751,   3.5702,
           3.3116,   4.8404,   5.8546,   6.7075,   0.1317,   1.8527,
           3.0037,   1.8004,   2.3458,   5.5522,   1.3922,  -1.2538,
           0.8929,   1.5835,   1.3168,   2.3310,  -0.1082,  -0.5682,
           0.9590,  -0.8516,  -1.2427,  -1.6182,   1.1438,   0.2302,
          -1.2681,  -3.1673,  -0.5487,   1.5483,   0.3255,   1.2897,
           3.7735,   0.6217,   3.3174,   0.6030,   0.4740,   1.1783,
          -2.1314,  -1.4901,  -1.3771,  -1.9743,  -1.0836,  -2.4482,
          -1.6045,  -2.1072,  -4.3212,  -2.7398,  -0.9508,  -2.8850,
          -2.6848,  -3.2025,  -1.2052,  -2.4386,  -4.3549,  -1.0179,
          -2.4546,  -3.5888,  -3.6019,  -3.4642,  -2.3670,  -1.4557,
          -3.7256,  -2.0072,  -3.4524,  -0.8279,  -0.8470,  -0.0621,
          -2.1538,  -0.6434,  -0.8900,  -3.1276,  -0.6883,  -0.9570,
          -1.3534,   0.5561,  -0.9874,  -1.1017,  -3.0627,   0.3973,
          -1.0778,  -1.9759,  -2.7643,  -0.3877,  -1.9007,   0.0175,
          -0.3067,  -1.9296,  -1.2126,  -1.7342,  -2.2681,  -1.4083,
          -1.5021,  -0.6021,   1.0453,   0.4820,   0.4304,  -0.4012,
           0.4073,  -1.8354,  -0.1129,  -0.9387,   0.6436,   0.4916,
          -1.2192,  -1.9060,   1.1144,  -0.3212,  -0.4615,   1.3876,
          -0.5106,   0.2641,  -2.7896,  -2.8880,  -2.0935,  -0.4646,
           1.1719,   0.9773,   0.2249,  -0.9773,   0.6946,  -1.0444,
          -0.2192,  -0.3350,   0.5610,   0.3545,  -0.2433,  -0.5430,
          -1.6970,  -1.6343,  -0.5323,  -2.6840,  -0.4838,  -0.3994,
          -3.7153,  -3.2184,  -0.5603,   0.1037,  -0.1924,   0.1564,
          -1.9574,  -4.9490,  -2.1086,  -1.7687,  -2.6971,   0.0935,
          -0.2289,   3.5374,  -0.1997,   0.2215,   1.7962,  -1.0427,
           0.4001,  -0.2104,   1.4063,   0.5316,  -0.3443,   2.0761,
          -1.0258,   0.0213,  -0.7678,  -2.3158,  -3.1104,  -1.3083,
           2.3348,   2.4888,   2.3274,  -0.3978,   0.3256,   1.5576,
          -0.0272,   1.6040,   3.3673,   2.6764,   0.8691,  -2.6588,
          -0.7567,  -0.4361,  -0.3345,  -0.7402,  -2.7714,  -0.5919,
          -0.1489,   1.9348,   0.4647,  -0.2233,  -0.7164,  -0.8447,
           0.1744,   0.0754,   1.2434,   0.2842,  -1.3021,  -0.0156,
          -0.8135,   0.5641,  -1.3549,  -0.3967,  -0.7100,  -0.1878,
           1.3959,   3.2021,   0.7443,   1.6647,  -1.9827,  -2.0139,
           0.1580,  -0.1862,  -1.2465,  -1.5898,   3.5160,  -0.7301,
          -0.5347,  -0.0531,  -2.5707,  -0.5900,   1.1756,   1.8342,
           0.2722,   0.8252,   1.7101,  -2.1521,  -0.6865,  -0.1625,
          -2.0953,   0.6989,  -1.0139,  -0.7748,  -0.0944,   1.8548,
           1.2264,   2.2481,  -0.0941,   0.2494,  -0.4643,  -2.1166,
          -1.6343,  -0.3148,  -1.8341,  -0.1841,   2.5979,  -1.5306,
          -0.2096,  -1.1798,  -1.7369,   0.3525,  -0.6716,  -0.7620,
          -0.9939,  -0.8215,  -1.5473,  -1.7762,   1.1739,   1.1909,
           0.8181,  -1.0475,   0.5747,   2.7921,   1.0751,   0.4408,
           1.9305,   1.3271,  -0.8720,  -2.8059,   0.0611,   0.0093,
           0.8179,   1.8281,   2.9765,   3.0013,  -1.8388,  -1.3403,
           2.1662,  -1.4275,  -2.3188,   3.1228,  -1.5613,   4.0636,
          -0.7413,   1.1505,   1.3361,   0.8726,  -0.1182,  -0.7896,
          -1.4323,  -2.4503,   1.0713,  -0.1860,  -0.2921,   0.7822,
           2.5079,   0.5549,  -3.1126,  -1.5329,  -0.4607,  -1.4989,
          -0.0239,   2.3393,   1.2618,  -0.4376,  -1.8697,  -2.5772,
          -0.3998,  -1.6867,  -0.8283,   0.7708,   0.2303,  -0.4701,
           0.8772,   0.2210,  -2.5515,  -1.0126,   2.8508,   0.5585,
          -2.4436,   0.6205,   0.0993,  -1.8901,  -0.3469,  -1.6838,
          -0.9268,  -1.2328,  -0.1000,  -0.3677,  -1.1396,   1.3132,
           3.1205,   2.0621,   2.6608,   0.3561,  -1.3610,   0.7359,
          -0.6249,  -0.5153,   1.2676,  -0.6950,  -0.4489,   1.5808,
          -1.2799,  -0.4381,   0.2226,  -1.6051,  -0.4167,  -0.1826,
          -0.8776,   0.0161,   0.6536,   1.5229,   1.9212,  -1.3996,
           0.2765,  -0.9200,  -1.1034,   2.6367,  -0.3573,   0.0629,
          -1.0136,  -1.8866,   1.0501,   1.4122,  -0.3093,   0.0838,
          -1.3592,  -1.0007,  -0.0294,  -1.1690,  -3.5851,  -1.2737,
          -0.5466,   0.3469,   0.6842,  -0.3849,  -0.5711,   1.2240,
           1.1053,  -0.0540,   1.6269,   1.4781,  -0.2374,   2.0460,
          -0.0197,  -0.1644,  -0.9514,  -1.7706,   2.8944,  -0.1042,
          -0.6686,  -0.4164,  -1.1193,   1.2965,  -1.0158,   0.0401,
           0.8425,   1.2617,   1.0715,  -2.0266,  -0.7921,  -0.3483,
           0.9456,  -0.4441,  -0.6006,  -1.6793,   0.5828,  -0.7632,
          -0.8063,   1.1199,  -2.0954,  -0.9937,  -0.9327,  -0.5930,
           2.3685,  -0.7858,   0.3936,   1.1216,   4.3512,  -1.0243,
           3.1008,  -1.4519,   1.5748,  -0.2724,  -1.8781,   0.0308,
           1.4193,  -0.8467,   1.4999,  -1.8234,   0.8232,   0.4638,
          -0.9010,   0.6118,   0.8677,   3.4914,  -1.1356,  -1.0084,
           0.6032,   1.3239,  -1.7701,   1.2691,   2.4212,  -0.5805,
           0.6250,   1.0155,  -0.6252,   0.7482,  -1.5302,   1.0862,
          -0.5924,  -0.2955,   0.8883,  -2.8765,  -1.7717,  -0.8944,
           0.1027,  -1.6478,  -0.1494,   0.7033,  -1.0924,  -1.1930,
           0.3872,   0.0943,   1.0149,  -0.8109,  -1.6390,  -1.7856,
          -0.7473,  -0.6150,   0.9362,   0.0057,  -0.8646,   1.5857,
           0.3009,   0.3442,  -0.8948,  -0.1903,   1.5315,  -0.7750,
          -0.6991,   0.6182,   1.4687,  -0.2593,  -0.0554,  -1.3842,
          -1.5347,  -1.1626,   1.3944,  -0.3916,  -0.1907,  -1.1756,
           1.3369,  -0.5818,   0.1407,  -1.0054,   1.3051,  -2.9285,
           0.9304,   0.4225,   1.9656,  -1.3858,  -0.3842,   2.0633,
          -1.7237,  -1.0954,  -0.5181,   0.8221,  -0.6520,   1.0934,
          -0.1867,   0.9688,  -0.6879,   0.7760,   0.0240,   0.4693,
          -1.6975,   0.9963,  -0.6745,  -1.9218,   0.3423,   2.6394,
          -2.3712,  -0.0310,   2.2500,  -1.6084,   0.3438,   2.8883,
          -1.1280,  -1.0630,  -2.4791,   1.9407,   1.1092,   0.1969,
           2.0834,   3.1780,  -0.2919,   1.5614,   0.9210,   1.9267,
          -0.4355,   1.3045,   1.6453,   0.3760,  -0.0985,  -0.0964,
           0.5492,   5.3160,  -1.2666,  -1.0107,   1.7955,  -0.9509,
          -1.2900,   1.6590,  -1.7579,   3.2566,  -0.6951,  -2.6857,
          -2.2097,  -1.4489,  -0.4792,  -1.8822,  -3.2127,   0.1790,
          -0.1434,   0.4720,   1.2813,   0.2016,   0.8260,   0.2989,
           1.0027,  -1.4715,   0.0168,   1.9449,  -2.3236,  -3.3251,
           0.1235,  -1.9867,   0.8152,   0.6778,   2.1711,  -2.6776,
           1.1371,   1.1795,   1.7581,   1.6771,   0.3984,  -2.2293,
          -0.4908,  -3.3310,   0.6707,  -3.0544,   0.9121,   1.5895,
           5.5771,  -1.3944,  -0.4551,  -0.3370,  -0.0400,  -0.7909,
          -2.0877,   1.0030,   0.4478,   0.2211,  -0.9290,  -1.8297,
          -1.0204,   1.1902,   0.5005,  -0.5054,   0.7042,   0.9870,
           1.2532,  -2.3761,   0.6102,  -2.2752,  -0.7921,  -1.2793,
           4.3311,  -0.3728,  -1.5250,   0.5321,   0.1502,  -1.1865,
           1.4214,  -2.1401,  -2.0685,   1.7856,  -0.1552,  -1.6312,
          -1.8894,  -2.5897,   0.3414,   0.1516,   0.9854,  -0.0866,
           1.1335,  -3.1153,  -1.4709,   0.3266,   0.5191,   0.0062,
          -1.3542,  -1.6363,   2.5173,   1.6375,   0.8174,  -0.8820,
          -0.0118,  -1.5316,  -3.0351,  -1.8287,   0.1687,   1.0361,
           0.2771,  -0.9859,  -1.3527,   0.9285,   2.4449,  -0.0224,
           0.0910,  -0.3423,  -1.5153,   0.0508,  -1.6463,   0.3047,
           0.4040,  -0.6845,   0.1936,  -2.3622,  -1.6477,   2.4444,
           1.6234,   1.2894,   0.8676,   0.5780,   1.1718,  -0.7536,
           0.5709,   1.2762,   0.6762,   0.5445,   0.2921,  -1.8240,
          -0.3793,   0.7704,  -1.7468,  -1.5683,  -1.5089,  -0.2892,
           1.4954,  -0.8914,   0.2251,   1.6765,  -2.0208,  -0.2388,
          -1.5322,   0.2141,   0.5301,  -3.9146,   0.5943,  -0.3981,
          -0.2600,   0.4009,   0.5165,  -1.9060,   0.9510,   0.4026,
          -2.6544,  -1.9328,  -0.6164,   0.7207,   1.5076,  -0.5985,
          -0.6520,   0.4970,  -0.8147,   2.0282,  -0.2745,   2.6839,
           1.4142,  -0.8589,  -2.4424,  -1.3350,  -0.7722,  -0.5868,
           0.1309,  -2.7681,  -2.9308,   3.3925,  -1.5885,  -2.6748,
          -2.4961,  -0.6560,  -1.2494,  -0.3976,  -0.5789,   0.5613,
           0.0737,  -1.0112,   2.3168,   1.8105]])
tensor([[ -2.0577,   0.8080,  -2.7123,  -5.7114,  -5.1210,  -5.5027,
          -4.6415,  -2.6330,  -4.4597,  -4.9110,  -4.3678,  -0.4573,
          -4.3477,  -5.0938,  -4.3138,  -1.3249,  -2.6401,  -3.2522,
          -3.0031,  -4.1686,  -4.6638,  -5.0634,  -1.3446,  -2.4233,
          -2.1336,   1.9437,  -1.8992,   0.4465,  -1.0583,  -3.7758,
          -2.0844,   1.0463,  -0.6245,  -2.8891,  -2.8137,  -1.9820,
          -0.9880,   0.3769,  -2.9813,  -3.8030,  -1.5462,  -2.9359,
          -3.8987,  -3.8100,  -3.4043,  -4.2361,  -2.2231,  -4.2858,
          -2.5361,  -3.6091,  -2.2527,   0.4423,  -1.0390,   0.7281,
          -1.7226,  -0.4584,  -3.3779,  -1.2311,  -2.1958,   2.7594,
           3.8763,  -3.6734,  -0.4639,  -2.1876,  -2.3711,  -1.4380,
          -2.8232,  -3.4571,  -2.1638,  -5.5262,  -2.6470,  -2.7317,
          -4.1971,  -4.3464,  -3.2712,  -4.5694,  -4.4398,  -5.1877,
          -4.5966,  -1.2550,  -5.3178,  -5.7939,  -3.3364,  -1.1008,
          -0.8444,  -3.7981,  -4.5216,  -2.6998,   0.3930,  -3.2730,
          -0.0344,  -4.0007,  -2.9657,   3.8485,  -0.0101,  -4.2093,
           2.6955,  -2.1127,  -3.9253,  -0.1400,  -2.3805,  -0.8043,
          -3.4419,  -2.9379,  -3.7101,  -5.9940,  -3.4320,  -1.8341,
          -2.4528,  -2.7166,  -0.5492,   0.9639,  -0.5132,   0.1730,
          -0.1695,  -0.9964,  -3.2705,  -5.4956,  -1.4956,  -1.2298,
          -0.3447,  -0.9713,  -1.9846,  -1.9915,  -1.1184,  -4.1520,
          -2.2377,  -4.1728,  -5.7252,  -4.1696,   0.3447,  -3.6888,
          -0.5831,  -2.8712,  -2.1731,  -0.8613,  -3.6104,  -4.2072,
          -6.8409,  -3.8949,  -4.4293,  -4.7952,  -5.0025,  -3.2733,
           0.1785,   1.2105,  -5.6004,  -3.7049,  -2.2142,  -3.2668,
          -3.0288,  -0.1940,  -2.3617,  -2.5067,  -0.6809,  -2.1538,
          -2.1874,  -0.0360,  -0.6900,  -1.0311,  -1.2672,  -0.6983,
          -1.0999,   0.5930,  -1.9049,  -1.1556,  -2.5728,  -2.1499,
          -1.3184,   1.0429,  -0.4113,  -0.9971,  -1.0298,  -1.0474,
          -1.4245,  -0.6812,  -1.3021,  -1.8112,  -1.4937,  -2.8993,
          -3.3003,  -2.8871,  -0.8259,  -1.5539,   0.6166,   0.7268,
           0.9471,   0.3245,  -1.0620,  -0.1154,  -2.2068,   0.5325,
          -0.9074,  -1.5376,  -2.3066,  -1.3683,  -1.7265,  -2.0122,
          -1.7376,  -0.2192,  -2.4218,   0.2702,   0.4637,   0.7276,
          -1.2545,  -1.7676,  -1.9938,   0.9841,  -0.0839,  -1.2325,
          -4.7314,   0.3998,  -2.8666,  -1.3850,  -2.0690,  -2.7828,
          -0.1175,  -3.3487,  -2.6198,  -2.3433,   1.0146,  -2.2468,
          -0.4716,  -0.3913,  -0.2233,  -0.1173,  -1.0275,  -2.5915,
          -0.4279,  -1.4484,   0.5607,   1.7109,  -0.5702,  -2.0218,
          -1.2629,  -0.2419,  -1.2727,  -1.7886,   0.3215,  -1.0314,
           1.0525,   0.6284,  -2.8891,  -2.0455,  -1.1603,  -1.1575,
          -0.5182,  -1.3583,  -1.1758,  -1.7389,  -1.9384,  -0.8491,
          -3.3235,  -0.0978,   1.0012,   0.0798,  -1.5877,  -0.7917,
          -1.7631,   0.9884,  -1.1315,  -0.7827,  -0.9805,   2.1048,
           0.5812,  -0.7098,  -0.6393,  -0.7393,  -3.4742,  -2.5228,
          -2.5677,  -1.2941,  -0.7419,   0.6889,  -2.9036,  -2.9706,
          -3.4153,   1.0783,  -2.4470,  -3.7748,  -2.4180,  -0.5456,
          -1.3418,  -1.7141,  -2.1782,  -1.6008,  -4.9135,  -2.7527,
          -3.8306,  -5.0298,  -4.2178,  -1.3904,  -0.9161,  -3.6628,
          -1.4434,  -0.8201,  -0.4640,  -2.0924,  -2.0886,  -3.1581,
          -3.5251,   0.6507,  -4.5283,  -3.0625,   0.3155,  -3.6201,
          -1.4096,  -1.0184,  -2.3265,   1.0288,  -0.3364,  -0.2791,
          -2.7503,  -1.3215,  -1.9878,  -1.6869,  -2.3649,  -0.2907,
          -1.8719,  -2.8255,  -3.8589,  -1.2684,  -3.3300,   0.5766,
          -3.2389,   0.6051,  -1.4057,   0.2708,  -2.9219,  -3.3546,
          -3.3465,  -2.2301,  -1.6872,  -0.8896,  -3.9418,  -3.7817,
          -4.4689,  -2.7096,  -2.5144,  -4.6684,  -2.1920,  -1.8944,
          -0.2285,  -3.3502,  -5.1791,  -1.6303,  -1.5250,  -1.0450,
          -2.3947,  -1.6343,  -3.0628,  -5.9993,  -3.4131,  -4.3799,
          -3.2751,  -3.0515,  -2.3187,  -4.4188,  -1.4328,  -1.8452,
          -4.4725,  -0.1177,  -0.0492,  -1.8147,  -3.0525,  -4.7476,
          -2.9960,  -3.0931,  -2.8718,  -4.3031,  -2.6236,  -1.9399,
          -0.4594,  -0.9588,  -2.0735,  -3.8673,  -3.1070,  -3.5471,
          -1.1659,  -2.1392,  -2.6243,  -2.0602,  -0.8769,  -4.0956,
          -3.4993,  -1.0342,  -1.6109,  -2.9791,  -1.4872,  -2.7154,
           1.0295,  -3.6738,   0.9279,  -1.2841,  -4.4051,  -2.8882,
          -2.6226,  -4.0439,   1.3548,   3.2714,   2.5814,   1.6735,
           2.2553,  -0.1698,   0.6140,   0.9775,   2.3080,   8.6431,
           7.8404,   2.5034,  -1.5131,  -2.1624,   6.6878,  -0.6227,
           1.9131,   6.0794,  -0.5720,   3.0065,   0.4838,   0.3508,
           1.6174,   4.2647,  -0.3662,   0.9661,   2.6898,  -2.0259,
           0.6388,   2.9141,   3.6888,  -2.1870,   1.7808,  -1.7375,
          -0.4369,  -0.7358,  -1.7647,  -0.5914,  10.7876,  -0.8240,
          -1.4724,  -0.0791,   4.3732,   4.8531,   3.8738,  -2.4407,
           3.1713,  -1.4197,   1.5227,   1.1249,  -1.9438,   2.0800,
           2.8960,  -1.6559,   0.4451,   0.2830,   6.3910,   3.6754,
           1.2885,   2.9900,  -0.2302,  -2.3659,  -0.5204,  -0.6565,
           1.7363,   3.8136,   1.9577,   0.5732,   2.1731,   3.7818,
          20.9442,   1.5803,   0.5022,  -1.9662,   3.6212,  -1.2319,
          -1.4225,   5.7280,   2.7967,   1.7574,   3.6021,  12.0037,
           4.4907,   0.0058,   1.5777,   3.2973,  -2.8047,  -0.4417,
           1.9150,   2.1891,   1.8255,   1.7796,  -2.9689,   3.4232,
           1.7700,  -1.0740,  -1.5870,  -2.4837,  -2.7958,   5.7637,
           7.9101,  -1.5454,  -2.0650,   1.0377,   7.9046,  -0.2189,
           0.7530,  -0.0760,   2.0335,   3.1935,   0.8828,   5.5132,
          -0.7567,  10.2401,   0.6328,   2.6297,   3.7601,   3.1556,
          -0.7453,   4.5828,   4.7863,   2.2770,  -2.9175,  -0.0338,
           0.7903,   4.1503,  -3.5847,  -3.4281,   0.7634,   0.3280,
           0.4166,  -0.3205,   4.5830,   2.9680,  -0.1660,  -2.0736,
          -0.3431,   0.0549,   2.9525,  -1.4807,   2.4251,   0.0546,
           0.8958,   0.3480,   0.1301,   0.6154,  -2.2857,  -1.4962,
           1.0274,   1.4193,  -2.0394,  -2.6289,  -3.0458,  -5.1136,
           2.5342,   1.9385,  -1.7946,   6.6562,  -0.1724,   1.3045,
           2.4310,   4.0533,   1.3605,   6.2445,   4.2119,   0.8988,
          -4.0199,   1.9308,   2.2192,   0.7618,   1.1523,   8.3391,
           1.2241,   3.2914,   1.9856,   6.2040,  -2.8666,   4.1505,
           2.6714,  -1.0587,   0.5558,   0.3366,   1.9500,   9.8776,
           8.3492,   0.8369,   1.8904,   0.8639,  -0.7339,   1.2051,
           0.9908,  -0.6415,   0.8105,  -1.5415,  -1.1523,   3.3359,
           2.5961,   0.5985,  -0.9245,   0.5894,   1.0224,  -0.4113,
           3.1452,  -2.1927,   1.8286,   1.7426,  -0.9766,   0.1704,
          -0.4285,   5.4807,   3.4509,   4.4741,   1.1195,   1.0765,
           6.6627,   2.4114,   0.1193,   0.3977,   1.2418,  -0.6900,
          -0.3914,   0.2737,   2.5498,   4.4097,   0.1263,  -0.1182,
           4.7602,   5.4182,   3.6680,  10.5860,   0.2534,  -2.8729,
           2.6610,  -0.1148,   2.8401,  -0.6628,  -0.1823,   1.7760,
           4.0329,   4.8262,   1.5299,  -1.1587,   0.8253,   2.5675,
           0.0426,   1.2632,  -2.0379,   2.2018,   2.1118,  -0.2509,
          -1.2100,  -1.3029,  -1.3335,   0.3899,  -0.1610,  -0.5071,
           9.1590,   5.4199,   8.9639,  -0.6328,  -1.2384,  -3.6897,
           3.6654,   5.5392,  -1.1032,   1.9461,   1.8774,   6.5596,
          -1.9401,   1.2957,   2.7303,  -4.1854,   6.4070,   0.2748,
           3.4189,   0.7456,   2.2250,   7.0445,  -0.5919,  -1.9384,
           4.1923,  -1.8345,  -0.8389,   0.6752,   4.0229,   1.0508,
           2.4420,   1.4263,  -1.1081,   1.5528,   0.7159,  -4.4120,
           0.8968,  -0.2359,   2.7200,  -0.3929,  -3.3417,   2.3454,
           1.0575,   0.2969,   4.3365,   3.1374,  -0.8929,   1.2205,
           0.0795,   2.9463,  10.1630,  10.2668,  -0.3069,   5.1217,
           1.2272,   1.2862,   2.1172,   1.7197,  -1.7865,  -0.1009,
          -2.3070,  -2.5428,   1.7810,  10.8618,   1.9190,   2.5862,
           2.9196,  -0.1407,   1.4348,   1.1538,  -2.2979,   0.5991,
          -1.3532,   4.8480,   3.3653,  -2.9199,   0.2371,   2.7667,
          -0.9779,   4.2233,   9.0159,   1.5404,   3.8700,   2.4880,
           0.0232,  -4.3011,   3.5806,   1.8155,   1.0519,   0.9618,
           0.3252,  -0.6551,   0.0648,   1.3820,   1.0113,  -1.3928,
           0.9324,  12.3403,   2.8843,  -0.3063,  -0.8493,  -4.0855,
          -1.3691,   2.2551,  -1.1934,   0.1842,   1.2342,  -0.1828,
           5.5038,  -0.6348,  -1.3750,   0.7209,  -0.6450,   0.9746,
          -0.2425,   0.9179,   3.7390,  -0.6123,   1.4526,   1.8771,
           2.6875,  -0.5983,   4.9352,  -2.0565,   4.7251,  11.7015,
          -1.2830,   0.3229,   1.6075,  -1.4458,   2.2589,   1.5087,
          -1.0302,  -1.1981,   5.3898,  -2.9179,   4.1528,   6.9185,
           0.6407,   1.1597,  -2.1202,   0.9473,   1.5903,   0.9751,
          -2.8933,   3.0649,   6.9861,  -0.2855,   3.2873,   4.9521,
          -0.3588,   1.7038,  -0.0691,  -2.0316,   3.1052,  -0.3555,
          -3.4255,   1.0533,   0.0491,  -1.6964,   4.5974,  -3.0230,
          -1.6068,  14.0458,   5.5085,   4.4929,  -1.7294,   3.0560,
           0.3206,   0.4913,   0.5563,  -1.4744,   3.7978,   1.5599,
          -1.1277,   8.4473,   5.9914,   1.3513,   1.6018,   1.7455,
           2.6120,   0.5614,   2.3436,   4.2024,   1.6612,   1.7806,
           1.3518,   1.5949,   0.1463,   1.2612,  -0.5782,  -0.6259,
           0.0734,  -3.6552,   1.2973,   1.3020,   2.5941,   3.4615,
           1.8925,  -0.5691,   1.9925,   0.5133,   0.9435,   1.5352,
           1.8171,   4.1943,   6.9511,   0.6247,   3.8470,   3.2757,
          10.0376,   9.6128,   2.4126,   4.5425,   2.9266,   2.4817,
           5.8137,   1.4123,  -0.5610,   4.9977,   6.4449,   3.9310,
           1.6304,   0.9760,  -2.1019,   5.9110,   5.2586,   1.0523,
           5.0133,  -0.0878,   2.4046,  -2.5923,   2.6485,  -1.2137,
           4.8675,   2.3534,   0.0811,  -1.0925,   0.7200,   0.8897,
          -0.6176,   0.7474,  -0.4711,   0.7292,   2.7053,   1.8103,
          -0.1605,  -1.2664,   5.3257,   2.4353,   0.1413,  -1.1802,
           0.5078,   1.5562,   1.8774,  -0.3027,  -1.6488,   0.0666,
          -0.3466,  -3.0545,  -4.1381,   0.6946,   1.4396,   4.6545,
          -0.1979,   7.7192,  10.8569,   0.1457,   0.3897,  -1.0965,
          -0.9683,  -2.5938,  -0.6941,  -3.6843,   0.8197,   0.9184,
           1.2359,  -0.5284,   7.7259,  -0.6164,   2.9096,  -2.6028,
          -1.6349,  -0.7999,   0.0318,   1.1283,   1.6666,   1.8684,
           3.8321,   1.1705,  -1.4544,   1.3375,  -3.6036,  -2.6879,
           0.3725,  -1.2611,   5.2840,   5.3946,  -3.0768,   1.1834,
           4.1698,  -0.1323,  -3.6242,  -0.9629,   0.2690,  -1.8435,
          -0.5009,  -2.3601,  -1.3151,  -0.7240,  -2.2503,  -1.9036,
          -0.8637,  -1.4105,   1.7871,  -0.1251,   1.1267,   3.9417,
          -1.6732,   0.6548,  -2.7565,   1.6313,  -2.0576,  -0.9908,
           1.8187,  -0.8818,  -0.9018,  -0.9866,   3.3698,  -0.7533,
           1.7493,  -0.1525,   0.3187,   1.4134,  -2.0004,  -2.9932,
          -2.1689,  -1.1321,  -2.5753,  -3.9879,  -4.0511,  -2.5441,
          -1.8269,  -3.5236,   0.6360,   1.1123]])
tensor([[ 2.0031,  1.5887, -1.2307, -1.2304, -1.4251,  3.3923,  0.5938,
          1.8743,  4.1466,  3.5684,  1.4240,  2.0082,  1.8203,  0.3025,
         -0.5189,  1.0178, -1.1076,  0.7833, -2.2484,  0.6758, -1.0829,
          2.4641,  0.2944,  2.0681, -0.3527, -0.3025,  2.6123, -0.3548,
         -2.7191,  5.1268,  0.8615,  1.8339,  2.4149,  4.2405,  1.0363,
          0.4753,  3.3502, -0.8713,  0.6787,  2.1438, -1.1645,  0.1391,
         -0.2628,  2.8811, -1.1315, -1.2193, -0.5021,  2.4745,  0.9274,
          0.2979,  1.5991,  1.7947, -1.9201, -3.3837, -0.0621, -0.5972,
         -3.7398, -2.2617, -1.6956, -0.7284,  0.0515,  0.5440,  0.1119,
          1.4508, -0.5658,  0.2659,  1.6890, -1.3308,  0.3989, -2.1525,
          0.1881, -0.5721, -1.3044,  2.6590,  1.1009, -3.8756,  2.8153,
          1.3357,  0.7377, -0.1754, -1.3377, -3.0421,  1.6352, -0.2647,
          0.6033, -0.0313,  1.4087, -1.0815,  1.2132, -0.1986, -1.5419,
         -2.0708, -0.8792,  0.1926,  3.1813,  0.4191, -0.9294, -0.7515,
         -2.6036, -0.5540, -1.6116, -0.0490, -0.6614,  3.8071,  3.0184,
          2.6800,  4.1707,  1.8674,  3.8421,  0.1949,  2.8143,  0.0273,
          4.1675,  2.3368,  2.1821,  3.2147,  2.3880,  1.3361,  1.2010,
          1.6261, -0.8809,  1.0738,  0.0113,  0.1769,  2.4303,  2.7004,
          3.5256, -0.2081,  0.8249,  0.5467,  0.1170, -1.2046, -0.9485,
          2.8427, -1.1259,  0.9746, -0.1562, -3.1647, -0.3938, -1.5891,
         -0.2535, -1.8807, -0.4298, -2.8321, -0.4024, -3.2321, -1.3832,
         -1.8801, -3.4962, -0.9656,  2.6593,  6.5409,  1.1386,  2.3171,
          3.7509,  2.3119,  2.9919,  2.6890,  4.8212,  1.8264,  4.4873,
          1.0289,  2.5510,  2.9531,  1.3663, -0.0943,  1.3231,  1.3833,
          2.4494,  3.6350,  5.1913,  1.7418,  1.1796,  3.4554,  2.7144,
          6.9499,  3.9574,  3.1696,  0.5580,  0.9951,  1.8223,  0.8822,
          5.9500, -0.1173,  4.8260,  8.0411,  9.6644,  7.7863,  6.7052,
          8.1109,  4.4698,  6.3968,  5.9300,  8.3650,  5.8226,  0.3059,
          4.3617,  0.9530,  2.8427,  5.0296,  3.2223,  6.9867,  3.9445,
          5.6283,  3.3498, -0.3611, -1.6762,  6.7963,  3.9847,  0.8907,
         -0.4740,  2.1063,  4.9469,  2.6351,  1.4620,  2.9150,  4.5387,
          0.3564,  3.5876,  4.8918,  3.1799, -2.0472,  3.1095,  0.2682,
          0.8095,  2.8029,  4.2001,  3.7826,  1.5364,  3.7419,  4.3737,
          6.0164,  2.3171,  0.7160,  1.1893,  6.5833,  1.3553,  1.8709,
          0.8755,  0.8390,  2.2095,  0.9703,  0.2802,  0.1055,  2.2339,
          1.3571,  1.2076,  1.3586,  3.8128,  3.2201,  3.0240,  0.1892,
          1.0433,  2.3199,  0.6110,  2.1179,  0.0651,  2.6408,  2.3430,
          5.6378,  4.3965,  2.3438,  4.8250,  5.6201,  5.3144,  2.5453,
          0.7780,  1.0495,  2.3740,  7.3201,  6.5008,  8.2806,  6.1598,
          5.5767,  6.7199,  4.9177,  5.3875,  6.2845,  5.8324,  4.0082,
          6.5754,  5.5482,  5.0005,  4.1572,  3.1658,  4.9407,  4.2651,
          4.6682,  2.8762,  2.6329,  2.6917,  7.0012,  4.2029,  4.0671,
          5.4813,  2.1885,  4.8146,  3.6842,  4.1126,  5.7259, -2.5790,
         -1.7356, -2.2040, -1.0172, -1.2686, -3.8487, -1.5716, -1.2346,
         -0.8734,  3.5613,  0.6055, -1.1368, -1.1030, -0.5322, -0.2528,
         -0.2716,  1.4914,  1.1767,  0.9390, -0.9113, -1.7343, -1.2262,
          1.1148, -2.5608,  1.2803,  1.1437, -0.8423,  2.5576,  1.7801,
          1.8759,  5.0894,  5.9993,  2.9638,  5.8079,  4.6029,  8.1882,
          4.8350,  5.7518,  2.5446,  0.2604,  0.6106,  6.1166,  4.3828,
          1.9936,  3.6246,  2.6610,  1.5339, -1.6189,  0.7810,  0.9925,
          1.6408,  1.9002,  1.2847,  3.3873,  4.2782,  2.9252,  7.1224,
          4.0134,  6.0928,  6.6320,  5.5959,  3.2516,  5.9241,  2.2501,
          6.3206,  3.8604, -0.7721,  3.8226,  4.7087,  1.5515,  3.7366,
          4.7193,  2.4278,  5.3173,  4.9535,  1.6352,  3.2529,  5.6041,
          5.9346,  2.9146,  5.4639,  4.9020,  6.1889,  0.5093,  3.2679,
          0.4358, -0.8705,  3.6712,  2.8815,  0.6758,  1.5342, -1.1665,
          0.7628, -1.5423,  0.4940, -0.2487,  1.6388,  4.3223, -3.7587,
         -2.3486, -1.7967, -2.7323, -3.7444, -4.2209, -3.1619, -3.2120,
         -0.8495, -3.1980, -2.4062, -0.7280,  1.7990, -0.0560,  0.9684,
         -2.0088, -2.8382, -0.0639,  0.1115, -0.0595, -2.9704, -1.8340,
         -1.8085, -2.3645, -3.1560, -3.7528, -2.1636, -3.0519, -0.4477,
         -0.1316,  1.1789, -1.1581, -2.1323, -1.1235, -2.3815, -2.6215,
          0.2813, -0.1447, -3.4848, -1.9257, -1.4755, -0.7965, -3.5260,
         -2.9795, -2.5190, -0.8300, -3.2154, -0.8650, -1.9157, -0.5492,
          0.7651, -2.2687, -3.9936, -1.9721,  0.0307, -1.7017, -2.7371,
         -1.7768, -0.7426, -0.2027, -2.3516, -1.5121, -2.6424, -0.9969,
          0.7397,  2.6640, -4.0087, -1.3807, -3.6466,  0.2880, -2.9537,
          2.2506,  1.4389, -3.2042, -0.6511, -1.8326, -3.2674, -0.6857,
          1.0046, -4.6074, -1.5614, -2.6066, -1.2567, -2.1447, -3.1562,
         -1.2806, -1.9653, -3.2608, -2.9223, -1.3851, -2.4494, -0.5829,
         -3.5156, -1.6556, -3.5729, -2.2028,  0.7768, -2.1297, -0.0872,
         -3.2650, -2.2615, -1.4694, -2.1516, -0.1540, -0.9470, -1.7028,
         -1.2628, -2.0519, -0.6099, -3.9719, -1.0926, -2.2405, -3.3297,
         -3.2338, -3.9901, -2.4225, -1.6512, -0.5917, -1.9192, -2.3261,
         -3.2866, -1.2164, -2.7171,  1.0111, -2.4211, -1.0711, -1.1547,
         -3.1462, -2.4778, -1.6498, -2.1821, -0.5862, -2.6931, -1.8529,
         -0.2423, -1.6111, -0.5906, -3.7764, -3.7744, -0.7134, -3.5067,
          0.0721, -2.7301, -2.8500, -1.3827, -1.5277,  1.5521, -1.6409,
         -2.6358, -4.5964, -0.4018, -1.5945, -3.3206, -3.9685,  1.2825,
         -2.1271, -2.4210, -3.2441,  0.2123, -0.6719, -0.4161, -1.4085,
         -4.1487, -3.0128,  1.1893, -3.3536, -3.0939, -4.4371, -2.0245,
          0.3567,  1.4598, -2.3000, -2.7789, -3.6606, -2.5764, -2.3692,
         -1.9857, -2.4901, -3.3068,  0.8256, -0.1361, -2.2854,  2.1225,
         -3.4670,  0.2061, -0.4697,  0.2206,  0.2204, -4.1000, -3.1870,
          0.9669, -1.4579, -2.0819, -0.6612, -4.3959, -1.2305, -0.3366,
         -2.4549, -0.5161, -4.8625, -1.3267,  0.9130, -1.2984, -1.1886,
          2.1120, -2.0686, -2.2685, -3.3635, -1.8920, -1.4213, -2.6460,
         -3.6090, -1.4351,  1.9387, -2.9864, -4.1663, -0.0537, -4.2286,
          1.0739, -3.5256, -0.3558, -0.6713, -0.9676, -1.1345, -1.5910,
         -2.4953, -2.7559, -3.9868, -1.0351, -3.6988, -2.0039, -2.2680,
         -2.4284, -2.1441, -3.3116, -0.3008, -2.7633, -2.4410, -2.4594,
         -1.3315, -1.7669, -2.3712, -2.6869, -1.8054, -3.0315,  0.9632,
         -1.6614, -0.9546, -0.4288, -1.2183, -1.3822, -0.0128, -2.4187,
          0.7626, -4.3970,  0.0480, -2.7705, -2.7466, -2.4128, -2.4561,
         -1.7069, -0.3557, -0.1822, -4.4823, -4.1472, -1.8094,  2.0391,
         -2.1976,  0.2779, -0.6123, -3.2073, -1.3863, -2.5957, -3.3023,
         -1.9598, -1.3329,  1.0957, -3.3313,  2.9053, -0.8505, -0.7684,
         -3.3752,  0.6391, -2.1710, -0.6204, -1.7127,  0.0581, -4.4363,
         -3.7662, -3.5399, -0.1193, -0.1856, -1.2856, -1.2149, -0.6320,
         -1.5863, -3.2835, -1.6781, -0.7012, -1.7616, -2.2352,  0.8902,
         -0.1420, -2.1703,  0.1888, -0.8385, -3.2032, -4.4272, -1.5083,
         -1.0657,  0.2506, -3.4123, -1.7965, -1.8587,  0.9673, -1.4481,
         -3.3254, -0.4149,  0.6521, -3.3637, -1.6585, -1.0816, -1.5582,
         -1.7459, -0.0253, -1.0865, -2.7407,  1.0561, -3.7596, -2.8958,
          2.5649, -2.5892, -3.7153, -0.2337, -4.0531,  0.1280, -3.8016,
         -1.1939, -3.1609, -2.3664,  2.0209, -0.5016, -3.0537, -0.7740,
         -1.6166, -2.2191, -2.1550, -2.7739, -5.0395, -2.4933, -2.6988,
         -0.3811, -0.5674, -2.5725, -2.1027, -0.7075, -3.8110, -2.8267,
         -0.0558, -2.1359, -1.1679, -3.1086, -1.2219, -1.1875, -0.7472,
         -2.8321, -2.8096, -1.8265,  2.2106, -3.1223, -2.4354, -1.0010,
         -3.2562, -2.8589, -1.7606, -1.2025, -2.5410,  0.3125, -1.5282,
         -3.5423, -0.6949, -2.8579, -3.3177, -2.2093,  1.1800, -2.3007,
         -1.4890, -1.1033, -2.8608, -1.4270, -2.7842, -2.1214,  0.1589,
         -2.3170, -2.5923, -0.4732,  0.0911, -4.1462, -3.7712, -1.1043,
         -3.4870,  1.2442, -1.7547, -0.7278, -4.4235, -4.7522, -1.3895,
          0.3156, -2.5623, -1.3335, -0.9536,  0.5912, -3.1218, -0.7463,
         -0.6046,  0.3747, -2.7043, -0.0230, -0.4165, -2.7747,  0.4828,
         -1.7607, -4.5370, -2.5698, -1.3064, -3.7403,  0.5144,  0.6528,
         -1.7221,  0.0128, -1.0412, -1.3867, -2.9240, -0.9250, -1.8953,
         -3.3558, -1.5625, -0.4911, -2.2813, -0.3596, -1.9297, -1.2026,
         -0.2668, -2.5325, -0.6926,  0.5672, -2.3081, -1.1561,  0.0073,
         -2.2686, -2.9415, -1.0196,  1.6069,  1.2677,  2.6145, -1.2750,
         -0.1772, -0.5258, -3.7131, -1.3024, -2.2906, -1.3324, -2.7272,
         -0.6055,  0.0491, -0.8343, -3.6344,  0.2563, -2.1734, -3.1095,
          0.8368, -3.1518, -2.2415, -2.6814, -0.6664, -1.9765, -3.1260,
         -2.0876,  1.1945, -1.3787, -4.3318, -1.1672, -1.5726, -2.8792,
         -2.3786,  1.2447, -2.3478, -0.1557, -0.3800,  0.1890, -2.3579,
         -2.0270, -0.7918, -2.9617, -1.1279, -3.3961, -2.9101, -4.2439,
         -0.6530, -0.8412, -1.5318, -0.8906, -3.9115, -3.0749, -1.7068,
          0.6948,  3.6182, -0.0126, -2.1303, -1.6493, -3.9376,  1.7630,
         -0.2412, -0.6568,  2.4166, -2.5428, -3.6393, -2.4988,  0.6174,
         -0.3198, -0.3653, -1.1003, -2.7767,  1.4641, -0.6682,  0.7641,
          0.1864,  1.7701,  1.9097, -1.4988, -2.1002,  1.2391, -0.2428,
         -0.2933, -0.7053, -2.7891, -0.8822, -0.7825,  1.4964,  5.5410,
          0.4164,  2.3358,  0.6377,  1.2573,  0.6473,  1.9094,  2.4500,
          0.0230,  3.2258,  4.5420,  1.3987,  1.6216, -0.3564, -0.8352,
          1.6914,  2.7786,  1.0006,  5.5128,  3.8666,  0.5501, -0.6651,
          1.6489, -3.4966, -0.4720, -1.6470,  2.6704,  1.8389,  0.3723,
         -2.1852, -2.4381, -1.0349,  1.3269, -1.7965,  1.7593, -0.2843,
          2.5431, -0.6299,  1.6673, -0.0475,  0.1214,  0.6668, -0.0076,
          0.4031, -2.8716, -0.0166, -1.9872, -0.3390,  1.0203,  4.0376,
          4.2218,  2.6557,  0.8566,  3.6304,  3.6161,  2.5621,  1.8524,
          2.0049,  4.3976,  5.3336,  2.8722,  4.8040, -1.8767]])
tensor([[  1.4204,  -0.7414,  -2.6150,  -2.8055,  -2.4076,  -0.8022,
          -2.9378,  -0.8060,   1.0298,  -3.0959,  -3.2328,  -1.1580,
          -0.9702,  -3.2955,  -2.5807,  -1.5017,  -1.8457,  -1.6456,
          -2.5675,  -2.6288,  -2.7027,   1.2562,  -0.3039,   0.1550,
           0.5173,  -1.6664,  -1.5678,  -1.2144,  -1.2909,  -1.8465,
          -1.2277,  -0.2807,  -0.1846,  -0.3058,  -2.0800,  -1.8615,
          -0.8582,  -0.8895,  -2.2540,  -1.0930,  -1.3250,  -2.4425,
          -1.2165,  -0.6041,  -3.3367,  -2.4165,  -1.1084,  -1.9179,
          -0.9604,  -4.1872,  -2.4390,  -1.5199,  -1.3092,  -2.3685,
          -2.1869,   0.1403,  -4.0563,  -3.3238,  -1.8010,   0.0161,
          -0.6669,  -0.5415,  -0.1569,  -0.1637,   1.1966,  -0.6816,
          -1.1835,  -0.3811,  -1.4127,  -3.7012,  -1.9530,  -2.4018,
          -1.8806,  -0.1232,  -0.8624,  -3.2905,  -1.5766,  -1.0496,
          -0.9313,  -2.8789,  -2.3891,  -1.7002,   0.3388,  -0.9854,
          -2.5026,  -1.1936,   0.6715,   0.9098,  -0.0968,  -2.5330,
          -1.5040,  -2.2294,  -2.0498,  -2.7183,  -0.7194,  -2.8247,
          -1.9857,  -0.5110,  -1.7104,  -0.6430,  -2.9407,  -2.8111,
          -1.5828,   0.6785,  -1.4753,  -1.9161,  -1.7241,  -0.2754,
          -0.0977,   0.7008,  -2.0014,   0.2262,  -0.8310,  -0.0191,
          -0.7222,  -0.5701,  -2.2211,  -1.4562,   0.3325,  -1.6234,
          -4.6960,  -0.7651,  -0.3384,  -1.8075,   0.6688,  -0.3835,
          -0.5211,  -0.0536,  -1.8234,  -1.7854,  -3.0518,  -1.4030,
          -1.2237,   1.5819,  -0.9051,  -1.0795,  -1.9136,  -4.4829,
          -3.6610,  -2.6388,  -1.6714,  -2.0999,  -2.6549,  -2.3096,
          -1.2511,  -2.8492,  -2.0033,  -2.1466,  -4.0803,   0.6103,
           0.0031,   5.2025,   4.8943,   2.6875,   4.0264,   2.7831,
           5.3017,   3.0293,   4.3989,   6.2956,   6.7488,   5.4954,
           5.1938,   6.3985,   4.0063,   3.1030,   3.7709,   5.0370,
           6.7605,   3.2338,   4.5110,   1.7253,   1.5976,   3.5803,
           1.0464,   8.1729,   6.2166,   3.3223,   6.4874,   2.1215,
           2.9921,   2.2696,   5.1551,   1.6793,   5.5161,   7.6450,
           5.0776,   4.5976,   3.8765,   5.5072,   4.2341,   4.0521,
           3.9289,   6.6847,   6.2374,  -0.2836,   2.4012,   0.9540,
           1.9396,   2.2930,   6.5701,   4.9944,   3.4916,   2.4923,
           4.6359,   6.1645,   5.1709,  14.2250,  10.1459,   6.9767,
           4.0510,   9.5224,  10.5240,   9.6079,   6.9597,   9.9048,
          11.7254,   4.4447,   8.1543,  11.9592,  11.6181,   2.5987,
           6.0958,   1.1304,   1.0224,   1.7936,   4.0133,   4.8669,
           2.1501,   1.8518,   3.9125,   4.6764,   4.1710,  -1.2522,
           3.1394,   2.6174,   3.4757,   1.4527,   4.7949,   2.3412,
           4.2421,   3.2119,   1.1183,   2.7332,   4.4167,  -1.1020,
           1.6645,   3.0156,   1.9875,   1.0290,   0.3044,   2.0951,
           0.5413,   2.4372,  -0.3155,   4.5804,   4.3797,   5.1972,
           1.3476,   3.6024,   3.8627,   0.7118,   2.4194,   4.2217,
           4.0944,   3.6181,   4.3012,   5.4902,   0.3704,   0.6090,
           1.5643,   0.9342,   1.1195,   4.1666,   2.2990,  -0.3882,
           1.3448,   0.6916,  -1.0670,   0.7104,  -1.7762,   0.1619,
           0.9731,  -0.0286,  -0.7954,  -1.0559,  -0.2872,  -0.8069,
          -0.7110,  -3.4546,  -0.7277,   3.0038,  -0.0860,   1.7270,
           4.1409,  -1.4275,   1.7983,   0.1528,   1.6344,   4.1143,
          -2.7717,  -0.4952,  -2.2463,  -2.3426,  -2.2392,  -2.6995,
          -1.8655,  -2.1957,  -3.6894,  -1.3093,   0.0117,  -1.7868,
          -1.4450,  -1.9006,  -0.4200,  -0.5694,  -2.1185,   0.2129,
          -2.4841,  -2.8146,  -2.7485,  -3.2397,  -2.1168,  -1.9903,
          -3.0666,  -1.1019,  -2.5922,  -1.7429,  -0.3052,  -2.5531,
          -1.4277,   0.5392,  -0.5074,  -1.9265,  -0.2080,  -0.5334,
           0.4601,   1.1006,   1.4725,  -0.9540,  -2.9571,   0.7118,
          -1.3850,  -2.6302,  -2.0580,   1.1865,  -0.6305,  -2.1485,
          -0.4177,  -2.0411,  -1.2285,  -0.7866,  -1.7988,  -1.3303,
          -0.9709,  -0.3431,   1.5121,  -0.6616,  -0.0225,  -0.0979,
           1.5879,  -1.4910,   0.7886,  -0.8890,   3.4762,   1.6768,
          -2.3066,  -0.6480,   1.5231,   0.0208,  -0.5525,   1.9190,
          -0.0587,   2.4306,   1.4754,  -0.6646,   1.2728,   2.6469,
           2.0455,   1.3605,   1.6833,   0.1435,   0.9759,  -1.9210,
          -1.5183,  -2.2318,  -1.8390,  -1.9763,  -1.5201,   0.3228,
          -0.4695,  -1.8781,  -1.5858,  -2.4434,  -1.7240,   0.0482,
          -2.2248,  -1.9107,  -1.9099,  -0.1304,   0.5840,  -0.8717,
          -2.9896,  -5.3674,  -1.1654,  -0.3245,  -2.3312,  -1.3731,
          -3.1302,   1.8465,   0.6636,   1.4619,   1.0229,  -2.7764,
          -1.5196,   0.2841,   1.3468,   1.6681,  -1.7777,   1.3199,
          -1.7469,  -1.1700,  -1.0987,  -2.2910,  -1.1947,  -0.3804,
          -0.0776,   1.9463,   2.6634,   0.5923,   0.2346,   0.2110,
          -0.4532,   0.7690,   3.3426,   2.7651,  -0.1980,  -1.6628,
          -0.1470,  -2.3759,   0.1321,  -1.2968,  -3.0763,   1.3626,
          -0.4648,   1.4477,   0.8455,  -0.4472,  -0.3976,  -1.7085,
          -1.7392,  -0.5259,   1.3622,  -0.4959,  -1.0821,   0.9439,
          -0.5497,   1.4169,  -0.5224,  -0.4451,  -1.1549,   0.3126,
           1.5424,   3.8655,  -1.5310,  -0.7585,  -2.2387,  -0.4238,
          -0.8351,  -1.2461,  -0.7275,  -2.8778,   2.4285,   0.1353,
          -1.4505,   1.0918,  -1.3875,  -3.7191,   1.0709,  -0.2341,
          -0.2177,  -1.1588,  -0.8517,  -2.3283,  -1.3055,  -0.6575,
          -2.3112,  -0.2494,  -1.0623,  -0.4939,  -1.0889,  -0.3944,
          -0.7426,   0.0191,  -1.1728,  -2.2583,  -1.2615,  -1.7718,
          -0.9057,   1.0929,  -3.8617,   1.2848,   0.7959,  -1.8440,
           0.2339,  -0.7174,  -0.5979,  -1.7645,   0.3730,  -0.8262,
          -1.9490,  -1.1541,  -2.2230,  -2.9420,  -0.2408,   2.6427,
          -0.9966,  -1.8266,   0.2118,   1.7279,  -0.1443,   1.5444,
           1.5306,   0.0995,  -2.2151,  -3.0373,  -1.5345,  -0.7405,
          -0.3598,   0.4041,   0.3992,   0.4750,  -2.2695,  -0.2855,
           2.1496,  -2.9197,  -3.1418,   0.0245,  -1.3098,   4.1893,
          -3.0123,  -0.8304,  -0.1502,  -0.3062,  -0.6896,  -0.3418,
          -3.6134,  -3.9150,  -0.0050,   1.2368,  -1.8709,  -1.0042,
           3.2778,   0.3476,  -3.0498,  -2.4937,  -1.9681,  -0.6945,
          -1.2091,   1.4879,  -1.1773,  -1.9425,  -0.5508,  -3.2502,
          -1.8126,  -2.5929,  -1.2711,   0.3623,  -0.0699,  -1.3239,
          -0.0928,  -0.7641,  -2.6744,  -1.6477,   2.1825,  -0.4177,
          -3.9031,  -0.7370,   1.8171,  -1.5373,   0.9553,  -1.7311,
           1.7226,  -1.5260,   0.2284,   1.4275,  -2.4570,  -0.6658,
           2.4267,   2.2231,   0.1394,   0.4928,  -1.4464,  -0.1208,
          -0.9133,  -0.5362,  -0.2652,  -3.7502,  -0.7635,   1.8945,
          -2.0592,   1.0336,   0.1787,  -1.9554,  -2.3298,  -0.8238,
          -0.7054,  -0.6239,  -0.6106,  -0.5444,   1.7109,  -0.2670,
          -1.2098,  -2.5392,   0.0109,  -0.7080,   1.2732,  -0.2279,
          -0.6843,  -0.1629,   1.3111,   1.7415,  -1.6340,  -0.9849,
           0.0904,  -2.9636,  -1.1928,  -1.3831,  -3.1753,  -1.1455,
          -1.6928,   1.1480,  -1.1172,   0.0670,  -2.1193,  -1.0787,
          -0.0422,  -0.0400,   1.6260,   0.0155,  -1.9184,   0.0552,
          -2.0334,  -0.1010,  -1.3568,  -0.7835,   2.5006,   0.0660,
          -0.4715,   0.0307,  -1.6634,   0.8449,  -1.8840,  -0.1702,
          -0.7149,   1.0929,  -0.2691,  -2.8211,  -2.1322,  -0.0887,
           0.1134,  -1.6234,  -0.9255,  -2.5698,   0.9165,  -1.2543,
           0.1322,   3.0317,  -1.2019,  -0.1908,  -1.4553,  -0.7320,
           1.6089,  -0.9542,  -2.0532,  -0.4303,   3.1895,  -1.7890,
           2.6606,  -1.7445,   1.2865,   0.4832,  -0.4491,  -0.9670,
          -0.9358,  -2.7225,  -0.5691,  -2.3090,  -0.4448,   1.6394,
          -0.7262,  -0.2202,   1.4692,   2.6874,  -2.7701,  -0.8190,
          -0.1362,   1.2112,  -1.4824,  -0.1271,   2.7466,   0.7967,
          -1.1998,   0.7258,  -2.0535,  -0.8850,  -1.8991,  -1.0600,
           0.3200,  -1.5142,  -1.3150,  -0.5225,  -0.9464,  -0.2459,
          -0.9526,  -2.4724,   2.0350,   0.2567,  -1.1608,  -1.3321,
           1.8634,   0.7729,  -0.2747,  -0.4997,  -2.3634,   0.1696,
          -2.2350,  -0.5963,   3.5911,  -1.3701,  -1.7303,   0.8216,
          -1.6406,   0.0726,  -1.0288,   1.7293,  -0.5838,   1.3610,
          -0.2678,   0.3049,  -1.1526,   0.2738,  -0.3778,  -2.1682,
          -2.5115,  -0.8746,  -2.0313,  -1.1639,  -1.2814,  -0.4914,
           1.6551,  -1.3952,   0.5178,  -2.0392,   0.0528,  -1.9076,
           0.6541,  -0.3193,   1.0790,  -3.7059,   0.4995,   0.4474,
          -1.1870,  -1.9496,  -2.2117,   0.7107,  -1.0334,  -1.0374,
           1.4289,   0.3060,  -2.1849,  -1.0891,  -0.4640,   1.1700,
          -2.1197,   1.5705,  -1.4818,  -2.7346,  -1.2377,   0.2501,
          -2.0927,  -0.2819,   2.3196,  -3.4495,  -0.5807,   3.3743,
          -1.7560,  -1.8732,  -2.9205,  -0.9056,   0.9281,  -0.2970,
          -0.1530,   2.5796,   0.0968,  -1.1520,  -1.2363,   1.5481,
          -0.1088,   0.3442,  -0.1848,  -0.5662,  -2.2734,  -4.4582,
          -0.9458,   5.6123,  -2.1663,  -1.2231,   2.8962,   0.4951,
          -1.3699,   1.9805,  -2.4568,   1.6963,  -2.0153,  -1.0220,
          -2.4174,  -1.6660,  -0.0941,  -1.4406,  -4.8742,  -1.5318,
          -0.1066,  -0.2275,   1.3526,   0.0875,  -1.0740,  -0.4426,
           0.2103,  -1.1466,  -2.4041,   0.8595,  -2.2089,  -3.8373,
           0.2332,  -0.7974,   0.7811,   1.9436,   2.5825,  -1.4305,
           1.2651,   0.8465,   0.0171,   0.8702,  -1.7217,  -1.4144,
          -0.9727,  -3.7368,  -0.8488,  -1.3104,   0.1394,   1.1237,
           8.9147,  -1.6077,   0.2258,  -0.0080,  -1.8110,  -1.4982,
          -3.3332,   0.0735,  -0.8436,  -0.0207,  -2.2652,  -1.4407,
          -1.0699,  -0.4273,   0.0725,  -0.2575,   1.1989,   0.5220,
           1.0517,  -2.1367,  -0.6682,  -1.5169,  -2.1231,  -2.4509,
           3.4485,  -2.0820,  -1.4231,   0.0567,  -0.5596,  -1.3662,
           1.0567,  -2.2948,  -2.3059,   1.9191,  -0.3553,  -0.5847,
          -2.4485,  -1.9520,   0.8724,  -1.7185,   0.0971,  -1.7570,
          -0.4710,  -3.4403,  -1.7965,   0.5647,   1.4997,   0.3507,
          -1.6228,  -1.2075,   1.1733,   3.5906,   1.3325,  -1.0299,
          -0.3899,  -1.2536,  -2.3519,  -1.2964,   0.1075,   1.9471,
           1.0007,  -2.9921,  -2.6847,   0.0940,   3.5100,   0.4129,
           1.4388,   0.1636,  -1.1903,   1.2398,  -0.2078,   1.1351,
           1.5964,  -0.5099,  -0.2167,  -2.8729,  -2.0458,   3.8613,
           0.9000,   1.7773,   0.3973,  -0.5103,  -0.6049,  -0.8569,
           2.1863,   3.0458,  -0.0304,   3.7080,   1.0003,  -0.9723,
          -0.1758,   2.9013,   0.5670,  -0.1294,  -0.4552,   2.3304,
           3.5068,  -0.2463,  -0.1307,   0.9487,   0.1321,   0.0337,
           0.2872,   2.8994,   1.7436,  -2.4757,   1.3998,   0.3497,
          -2.9551,  -0.1978,   0.0087,  -0.1285,   1.1848,   1.2898,
          -1.2012,  -2.1965,   0.0208,   0.8285,   0.5165,   1.5367,
          -1.3314,   1.4061,  -1.6310,   2.5254,  -0.0523,   1.5919,
           0.5223,  -0.6279,  -0.4557,  -0.9855,   0.0206,  -2.2185,
           2.5206,  -1.1629,   0.6701,   6.0755,  -0.0373,  -2.1921,
           0.5440,  -0.0093,   0.7041,   0.6887,  -0.3474,   0.7926,
           1.5526,   1.2740,   4.9205,   2.3543]])

     MATCH:

       golden_retriever_01.jpg: 
Real:           golden retriever   Classifier:               golden retriever

                  taxi_01.jpeg: 
Real:                       taxi   Classifier:       cab, hack, taxi, taxicab

 NOT A MATCH:

                parrot_01.jpeg: 
Real:                     parrot   Classifier:                          macaw

                   dog_02.jpeg: 
Real:                        dog   Classifier:                norwich terrier

                   dog_01.jpeg: 
Real:                        dog   Classifier:               golden retriever

# Total Images 5 # Matches: 2 # NOT Matches: 3

     MATCH:

       golden_retriever_01.jpg: 
Real:           golden retriever   Classifier:               golden retriever  
PetLabelDog: 1  ClassLabelDog: 1

                  taxi_01.jpeg: 
Real:                       taxi   Classifier:       cab, hack, taxi, taxicab  
PetLabelDog: 0  ClassLabelDog: 0

 NOT A MATCH:

                parrot_01.jpeg: 
Real:                     parrot   Classifier:                          macaw  
PetLabelDog: 0  ClassLabelDog: 0

                   dog_02.jpeg: 
Real:                        dog   Classifier:                norwich terrier  
PetLabelDog: 1  ClassLabelDog: 1

                   dog_01.jpeg: 
Real:                        dog   Classifier:               golden retriever  
PetLabelDog: 1  ClassLabelDog: 1

# Total Images 5 # Matches: 2 # NOT Matches: 3

 ** Statistics from calculates_results_stats() function:
N Images:  5  N Dog Images:  3  N NotDog Images:  2 
Pct Corr dog: 100.0 Pct Corr NOTdog:   0.0  Pct Corr Breed:   0.0

 ** Check Statistics - calculated from this function as a check:
N Images:  5  N Dog Images:  3  N NotDog Images:  2 
Pct Corr dog: 100.0 Pct Corr NOTdog: 100.0  Pct Corr Breed:  33.3


*** Results Summary for CNN Model Architecture VGG ***
N Images            :   5
N Dog Images        :   3
N Not-dogs Images   :   2
summary statistics (percentages) on Model Run
the percentage for pct_match is 40.0
the percentage for pct_correct_dogs is 100.0
the percentage for pct_correct_breed is 0.0
the percentage for pct_correct_notdogs is 0.0

INCORRECT Dog/NOT Dog Assignments:

INCORRECT Dog Breed Assignment:
Real:                        dog   Classifier:                norwich terrier
Real:                        dog   Classifier:               golden retriever

** Total Elapsed Runtime: 0:0:4
